XYZIJK METRIC
KREIS1 0.000060 0.000062 7.917179 -0.000759 -0.089116 0.996021 3.957309
PKT1 0.002025 -0.022542 -0.000000 0.000000 -0.000000 1.000000
SCN2 1 0.227209 -8.389239 9.647451 0.027574 -0.999620 0.000000
SCN2 2 0.842064 -8.349161 9.647361 0.101537 -0.994832 -0.000000
SCN2 3 1.455134 -8.263091 9.646926 0.175292 -0.984516 0.000000
SCN2 4 2.057281 -8.133124 9.645057 0.247716 -0.968833 0.000000
SCN2 5 2.651395 -7.956560 9.645097 0.319213 -0.947683 0.000000
SCN2 6 3.227609 -7.738319 9.645789 0.388536 -0.921434 0.000000
SCN2 7 3.790475 -7.476289 9.644521 0.456227 -0.889864 0.000000
SCN2 8 4.329909 -7.174383 9.643498 0.521092 -0.853500 0.000000
SCN2 9 4.845100 -6.832589 9.643229 0.583084 -0.812412 0.000000
SCN2 10 5.330721 -6.454936 9.644943 0.641570 -0.767064 0.000000
SCN2 11 5.790952 -6.039950 9.644642 0.696935 -0.717134 0.000000
SCN2 12 6.218013 -5.594078 9.644739 0.748240 -0.663428 0.000000
SCN2 13 6.608569 -5.118882 9.644318 0.795249 -0.606284 0.000000
SCN2 14 6.965078 -4.616421 9.647279 0.837964 -0.545726 0.000000
SCN2 15 7.285541 -4.079600 9.642345 0.876604 -0.481213 0.000000
SCN2 16 7.562353 -3.529831 9.639981 0.909804 -0.415038 0.000000
SCN2 17 7.797301 -2.956343 9.642408 0.938194 -0.346110 0.000000
SCN2 18 7.989623 -2.368525 9.641384 0.961329 -0.275401 0.000000
SCN2 19 8.136291 -1.770908 9.643584 0.979068 -0.203533 -0.000000
SCN2 20 8.240155 -1.160503 9.642261 0.991502 -0.130091 0.000000
SCN2 21 8.296874 -0.547921 9.645155 0.998408 -0.056404 0.000000
SCN2 22 8.309187 0.071784 9.642453 0.999835 0.018149 0.000000
SCN2 23 8.273741 0.689560 9.644454 0.995714 0.092481 0.000000
SCN2 24 8.194461 1.301479 9.642834 0.986110 0.166094 0.000000
SCN2 25 8.068785 1.905992 9.644069 0.971059 0.238839 -0.000000
SCN2 26 7.899163 2.503226 9.642645 0.950523 0.310655 -0.000000
SCN2 27 7.685287 3.081121 9.643823 0.924896 0.380219 0.000000
SCN2 28 7.430868 3.644797 9.642153 0.894069 0.447929 0.000000
SCN2 29 7.131283 4.186523 9.643763 0.858255 0.513223 -0.000000
SCN2 30 6.794214 4.702708 9.646162 0.817849 0.575434 -0.000000
SCN2 31 6.421401 5.193815 9.646055 0.772932 0.634489 -0.000000
SCN2 32 6.011865 5.658011 9.643792 0.723562 0.690260 -0.000000
SCN2 33 5.569988 6.088282 9.643418 0.670385 0.742014 -0.000000
SCN2 34 5.095920 6.486375 9.643099 0.613301 0.789849 0.000000
SCN2 35 4.596547 6.845042 9.644530 0.553240 0.833022 0.000000
SCN2 36 4.068287 7.168947 9.643856 0.489648 0.871920 -0.000000
SCN2 37 3.518916 7.451757 9.644466 0.423532 0.905881 0.000000
SCN2 38 2.948180 7.693075 9.645143 0.354879 0.934912 -0.000000
SCN2 39 2.363796 7.891303 9.645604 0.284555 0.958660 -0.000000
SCN2 40 1.764705 8.045371 9.645575 0.212492 0.977163 -0.000000
SCN2 41 1.154127 8.155070 9.644599 0.139045 0.990286 -0.000000
SCN2 42 0.544827 8.218604 9.642744 0.065761 0.997835 -0.000000
SCN2 43 -0.073975 8.235949 9.643724 -0.008653 0.999963 -0.000000
SCN2 44 -0.689128 8.208010 9.642385 -0.082629 0.996580 -0.000000
SCN2 45 -1.304759 8.131905 9.646813 -0.156698 0.987647 0.000000
SCN2 46 -1.908106 8.013731 9.645514 -0.229255 0.973366 -0.000000
SCN2 47 -2.509139 7.848407 9.645854 -0.301536 0.953455 0.000000
SCN2 48 -3.091689 7.638849 9.646714 -0.371649 0.928373 -0.000000
SCN2 49 -3.657275 7.387217 9.647505 -0.439702 0.898144 -0.000000
SCN2 50 -4.200631 7.095433 9.647298 -0.505080 0.863073 -0.000000
SCN2 51 -4.726215 6.763374 9.645360 -0.568161 0.822917 -0.000000
SCN2 52 -5.217649 6.393350 9.647538 -0.627455 0.778653 -0.000000
SCN2 53 -5.685230 5.986474 9.648025 -0.683733 0.729732 -0.000000
SCN2 54 -6.120440 5.547456 9.648000 -0.736075 0.676900 -0.000000
SCN2 55 -6.522263 5.076305 9.647581 -0.784424 0.620224 -0.000000
SCN2 56 -6.886238 4.579183 9.647681 -0.828211 0.560416 -0.000000
SCN2 57 -7.214230 4.053016 9.647891 -0.867681 0.497121 0.000000
SCN2 58 -7.501513 3.505752 9.648575 -0.902222 0.431272 -0.000000
SCN2 59 -7.746312 2.937217 9.649743 -0.931816 0.362930 -0.000000
SCN2 60 -7.949140 2.353222 9.650438 -0.956216 0.292661 -0.000000
SCN2 61 -8.108164 1.754282 9.650114 -0.975365 0.220598 0.000000
SCN2 62 -8.222255 1.146992 9.649404 -0.989059 0.147522 -0.000000
SCN2 63 -8.291409 0.532674 9.649862 -0.997288 0.073600 0.000000
SCN2 64 -8.313933 -0.085432 9.648987 -1.000000 -0.000764 0.000000
SCN2 65 -8.290113 -0.703197 9.650492 -0.997177 -0.075090 0.000000
SCN2 66 -8.221676 -1.321019 9.649620 -0.988777 -0.149398 0.000000
SCN2 67 -8.105774 -1.930289 9.650023 -0.974887 -0.222701 0.000000
SCN2 68 -7.947937 -2.523361 9.648317 -0.955800 -0.294018 0.000000
SCN2 69 -7.742940 -3.108810 9.649922 -0.931215 -0.364469 0.000000
SCN2 70 -7.495347 -3.676887 9.649733 -0.901476 -0.432829 -0.000000
SCN2 71 -7.206355 -4.225466 9.649974 -0.866704 -0.498823 0.000000
SCN2 72 -6.879745 -4.748114 9.648763 -0.827364 -0.561666 0.000000
SCN2 73 -6.513061 -5.246606 9.650148 -0.783287 -0.621660 0.000000
SCN2 74 -6.110652 -5.716253 9.648644 -0.734897 -0.678178 0.000000
SCN2 75 -5.673526 -6.156125 9.648379 -0.682293 -0.731079 0.000000
SCN2 76 -5.207949 -6.560138 9.647903 -0.626240 -0.779630 0.000000
SCN2 77 -4.711512 -6.929652 9.647022 -0.566506 -0.824057 0.000000
SCN2 78 -4.190454 -7.260405 9.648235 -0.503811 -0.863814 0.000000
SCN2 79 -3.642914 -7.553398 9.647422 -0.437927 -0.899011 0.000000
SCN2 80 -3.079576 -7.802358 9.647510 -0.370172 -0.928963 0.000000
SCN2 81 -2.496635 -8.010190 9.646900 -0.300043 -0.953926 0.000000
SCN2 82 -1.900076 -8.173285 9.647859 -0.228303 -0.973590 0.000000
SCN2 83 -1.295574 -8.292327 9.646593 -0.155578 -0.987824 0.000000
SCN2 84 -0.682020 -8.365186 9.647231 -0.081790 -0.996650 0.000000
SCN2 85 -0.062747 -8.391742 9.646963 -0.007305 -0.999973 0.000000
