XYZIJK METRIC
KREIS1 0.272278,0.231428,-64.917138,-0.011700,-0.011460,0.999866,16.002263
SCN1_1 -0.008704,-7.997501,-69.918488,-0.000000,0.999984,0.005625
SCN1_2 -0.009439,-7.997647,-69.807892,-0.000000,0.999996,-0.002791
SCN1_3 -0.010200,-7.997004,-69.705238,-0.000000,0.999992,-0.003889
SCN1_4 -0.011359,-7.997062,-69.610619,-0.000000,1.000000,-0.000247
SCN1_5 -0.012512,-7.996617,-69.513412,-0.000000,0.999999,0.001679
SCN1_6 -0.013578,-7.997562,-69.413872,0.000000,0.999998,0.001901
SCN1_7 -0.014044,-7.997825,-69.309692,0.000000,1.000000,-0.000556
SCN1_8 -0.014477,-7.996972,-69.207741,0.000000,0.999998,-0.002057
SCN1_9 -0.016648,-7.996922,-69.108101,-0.000000,0.999999,-0.001564
SCN1_10 -0.015993,-7.996978,-69.010353,0.000000,1.000000,-0.000797
SCN1_11 -0.016754,-7.996835,-68.911171,0.000000,1.000000,0.000077
SCN1_12 -0.017609,-7.996980,-68.813126,-0.000000,0.999999,0.001170
SCN1_13 -0.017169,-7.996953,-68.714859,-0.000000,0.999997,0.002532
SCN1_14 -0.016334,-7.997125,-68.615837,-0.000000,0.999994,0.003591
SCN1_15 -0.015596,-7.998192,-68.514168,-0.000000,0.999998,0.002071
SCN1_16 -0.016557,-7.998048,-68.408585,0.000000,0.999999,-0.001320
SCN1_17 -0.017491,-7.997386,-68.307388,-0.000000,0.999996,-0.002992
SCN1_18 -0.017653,-7.997054,-68.207520,-0.000000,0.999997,-0.002436
SCN1_19 -0.015607,-7.997235,-68.109451,-0.000000,0.999999,-0.001404
SCN1_20 -0.015855,-7.996690,-68.011612,0.000000,1.000000,-0.000091
SCN1_21 -0.017119,-7.997246,-67.912903,0.000000,1.000000,0.000818
SCN1_22 -0.018072,-7.997190,-67.813248,0.000000,1.000000,0.000842
SCN1_23 -0.017530,-7.997156,-67.713882,0.000000,0.999999,0.001340
SCN1_24 -0.017885,-7.997009,-67.615341,-0.000000,0.999997,0.002304
SCN1_25 -0.018341,-7.997963,-67.515068,-0.000000,0.999999,0.001446
SCN1_26 -0.020203,-7.998392,-67.411499,-0.000000,0.999999,-0.001492
SCN1_27 -0.018572,-7.996208,-67.309151,-0.000000,1.000000,-0.000881
SCN1_28 -0.015727,-7.997978,-67.213852,0.000000,1.000000,0.000985
SCN1_29 -0.015574,-7.997653,-67.112724,-0.000000,1.000000,0.000438
SCN1_30 -0.015924,-7.997602,-67.013176,0.000000,1.000000,0.000399
SCN1_31 -0.016885,-7.997455,-66.914299,-0.000000,0.999999,0.001476
SCN1_32 -0.015135,-7.997524,-66.816704,0.000000,0.999996,0.002687
SCN1_33 -0.016009,-7.998888,-66.714417,-0.000000,0.999999,0.001216
SCN1_34 -0.016357,-7.997947,-66.611115,-0.000000,1.000000,-0.000845
SCN1_35 -0.016618,-7.997798,-66.512161,-0.000000,1.000000,-0.000420
SCN1_36 -0.015692,-7.998082,-66.412392,0.000000,1.000000,0.000543
SCN1_37 -0.014610,-7.998134,-66.315666,-0.000000,0.999999,0.001062
SCN1_38 -0.015092,-7.998113,-66.214066,0.000000,0.999999,0.001462
SCN1_39 -0.015538,-7.998551,-66.114960,-0.000000,0.999999,0.001112
SCN1_40 -0.015794,-7.998608,-66.013611,-0.000000,1.000000,0.000145
SCN1_41 -0.015745,-7.998077,-65.913628,0.000000,1.000000,0.000156
SCN1_42 -0.016108,-7.998731,-65.813599,-0.000000,1.000000,0.000064
SCN1_43 -0.015857,-7.998587,-65.712906,-0.000000,1.000000,-0.000732
SCN1_44 -0.016408,-7.998040,-65.613640,-0.000000,1.000000,-0.000239
SCN1_45 -0.016701,-7.998527,-65.513130,-0.000000,1.000000,0.000615
SCN1_46 -0.015747,-7.998289,-65.414001,-0.000000,1.000000,0.000737
SCN1_47 -0.016305,-7.999044,-65.312469,-0.000000,1.000000,-0.000162
SCN1_48 -0.018257,-7.998177,-65.212563,-0.000000,1.000000,-0.000376
SCN1_49 -0.016406,-7.998357,-65.115814,-0.000000,0.999999,0.001269
SCN1_50 -0.015861,-7.998623,-65.017464,-0.000000,0.999997,0.002635
SCN1_51 -0.016829,-7.998969,-64.917557,-0.000000,0.999997,0.002557
SCN1_52 -0.016887,-7.999427,-64.815025,0.000000,1.000000,0.000593
SCN1_53 -0.016827,-7.999389,-64.711700,-0.000000,0.999998,-0.001962
SCN1_54 -0.015770,-7.998555,-64.611656,-0.000000,0.999997,-0.002239
SCN1_55 -0.016745,-7.998219,-64.513817,-0.000000,1.000000,-0.000067
SCN1_56 -0.016555,-7.999321,-64.411263,-0.000000,1.000000,0.000564
SCN1_57 -0.016859,-7.998642,-64.314110,-0.000000,1.000000,-0.000144
SCN1_58 -0.017302,-7.998889,-64.214676,-0.000000,1.000000,-0.000177
SCN1_59 -0.018877,-7.998839,-64.114731,-0.000000,1.000000,0.000383
SCN1_60 -0.017920,-7.998297,-64.018471,-0.000000,0.999997,0.002422
SCN1_61 -0.018000,-7.999571,-63.919033,-0.000000,0.999995,0.003315
SCN1_62 -0.017053,-7.999543,-63.817131,-0.000000,0.999998,0.001859
SCN1_63 -0.017719,-7.999804,-63.714100,0.000000,1.000000,0.000158
SCN1_64 -0.018669,-7.999351,-63.613419,-0.000000,1.000000,-0.000363
SCN1_65 -0.017726,-7.999528,-63.514690,-0.000000,1.000000,0.000353
SCN1_66 -0.018676,-7.999371,-63.416302,0.000000,0.999999,0.001156
SCN1_67 -0.016561,-8.000174,-63.313869,-0.000000,1.000000,0.000613
SCN1_68 -0.015790,-7.999819,-63.214371,-0.000000,1.000000,-0.000380
SCN1_69 -0.015946,-7.999291,-63.115616,-0.000000,1.000000,0.000720
SCN1_70 -0.016399,-8.000228,-63.018929,0.000000,0.999998,0.002115
SCN1_71 -0.016855,-7.999484,-62.920147,-0.000000,0.999994,0.003332
SCN1_72 -0.016934,-8.001148,-62.818958,-0.000000,0.999996,0.002722
SCN1_73 -0.016773,-8.000812,-62.716503,-0.000000,1.000000,0.000291
SCN1_74 -0.017426,-8.000265,-62.616093,-0.000000,1.000000,0.000143
SCN1_75 -0.015303,-8.000565,-62.516426,-0.000000,0.999999,0.001383
SCN1_76 -0.015732,-8.001184,-62.419529,-0.000000,0.999999,0.001440
SCN1_77 -0.016483,-8.000744,-62.319313,-0.000000,0.999999,0.001221
SCN1_78 -0.015527,-8.001197,-62.220650,-0.000000,0.999999,0.001112
SCN1_79 -0.015378,-8.001252,-62.120113,-0.000000,1.000000,0.000358
SCN1_80 -0.017377,-8.001143,-62.015358,-0.000000,1.000000,-0.000292
SCN1_81 -0.017715,-8.001375,-61.916740,0.000000,1.000000,-0.000644
SCN1_82 -0.017087,-8.000962,-61.816402,0.000000,1.000000,0.000279
SCN1_83 -0.016803,-8.000879,-61.723690,-0.000000,0.999996,0.002863
SCN1_84 -0.017763,-8.001620,-61.627163,-0.000000,0.999988,0.004829
SCN1_85 -0.017259,-8.002221,-61.523502,-0.000000,0.999991,0.004263
SCN1_86 -0.018044,-8.002707,-61.417503,-0.000000,0.999999,0.001589
SCN1_87 -0.017459,-8.002731,-61.316986,-0.000000,0.999999,-0.001163
SCN1_88 -0.017497,-8.001890,-61.217178,0.000000,0.999999,-0.001560
SCN1_89 -0.018545,-8.002227,-61.120461,-0.000000,1.000000,-0.000121
SCN1_90 -0.017569,-8.002163,-61.016880,-0.000000,0.999999,0.001383
SCN1_91 -0.019189,-8.002461,-60.921677,-0.000000,0.999997,0.002289
SCN1_92 -0.018140,-8.002932,-60.822575,-0.000000,0.999998,0.002221
SCN1_93 -0.017681,-8.002782,-60.723984,-0.000000,0.999997,0.002361
SCN1_94 -0.017041,-8.002748,-60.625118,0.000000,0.999994,0.003324
SCN1_95 -0.016783,-8.003886,-60.526173,-0.000000,0.999997,0.002408
SCN1_96 -0.017554,-8.004162,-60.420525,-0.000000,1.000000,-0.000689
SCN1_97 -0.018247,-8.002864,-60.315605,-0.000000,0.999999,-0.001021
SCN1_98 -0.018046,-8.003361,-60.224506,0.000000,0.999999,0.001227
SCN1_99 -0.018451,-8.003656,-60.122959,0.000000,0.999996,0.002798
SCN1_100 -0.018907,-8.004114,-60.023537,-0.000000,0.999996,0.002839
SCN1_101 -0.018853,-8.004254,-59.924381,-0.000000,0.999998,0.002069
SCN1_102 -0.017433,-8.004452,-59.821503,0.000000,0.999999,0.001363
SCN1_103 -0.016195,-8.004432,-59.720875,-0.000000,0.999999,0.001282
SCN1_104 -0.016106,-8.004465,-59.624615,-0.000000,0.999999,0.001706
SCN1_105 -0.017083,-8.005225,-59.522995,-0.000000,0.999999,0.001280
SCN1_106 -0.017632,-8.004568,-59.423546,-0.000000,0.999999,0.001045
SCN1_107 -0.017136,-8.005273,-59.320412,0.000000,0.999999,0.001230
SCN1_108 -0.016577,-8.005034,-59.220623,-0.000000,0.999999,0.001178
SCN1_109 -0.018062,-8.005203,-59.119549,-0.000000,0.999999,0.001386
SCN1_110 -0.016991,-8.005643,-59.021446,0.000000,1.000000,0.000777
SCN1_111 -0.015932,-8.005510,-58.920689,-0.000000,1.000000,0.000010
SCN1_112 -0.016794,-8.005178,-58.820732,0.000000,1.000000,0.000570
SCN1_113 -0.018149,-8.005515,-58.722466,-0.000000,0.999999,0.001382
SCN1_114 -0.017258,-8.006131,-58.617603,0.000000,1.000000,0.000753
SCN1_115 -0.019170,-8.005422,-58.521446,-0.000000,1.000000,0.000625
SCN1_116 -0.017500,-8.005678,-58.425507,-0.000000,0.999999,0.001600
SCN1_117 -0.018668,-8.006330,-58.315964,-0.000000,0.999999,0.001247
SCN1_118 -0.016029,-8.006027,-58.222561,-0.000000,1.000000,0.000315
SCN1_119 -0.016776,-8.005969,-58.122761,-0.000000,1.000000,-0.000093
SCN1_120 -0.017438,-8.006232,-58.021435,-0.000000,1.000000,-0.000849
SCN1_121 -0.018215,-8.006301,-57.918377,-0.000000,0.999998,-0.001760
SCN1_122 -0.018567,-8.005166,-57.820286,0.000000,1.000000,-0.000011
SCN1_123 -0.017006,-8.005910,-57.727180,-0.000000,0.999995,0.003053
SCN1_124 -0.017064,-8.006072,-57.628944,-0.000000,0.999991,0.004222
SCN1_125 -0.015861,-8.007579,-57.523354,-0.000000,0.999998,0.001831
SCN1_126 -0.016130,-8.006462,-57.417198,0.000000,1.000000,-0.000857
SCN1_127 -0.016989,-8.006227,-57.316498,-0.000000,1.000000,-0.000461
SCN1_128 -0.019146,-8.006646,-57.218140,-0.000000,1.000000,-0.000258
SCN1_129 -0.017316,-8.007043,-57.114662,-0.000000,0.999998,-0.002027
SCN1_130 -0.017760,-8.006586,-57.014153,0.000000,0.999996,-0.002839
SCN1_131 -0.019049,-8.007150,-56.919907,-0.000000,0.999998,0.001917
SCN1_132 -0.018171,-8.006441,-56.846699,-0.000000,0.999826,0.018652
SCN1_133 -0.018860,-8.007487,-56.793350,-0.000000,0.998497,0.054808
SCN1_134 -0.017262,-8.010109,-56.757240,-0.000000,0.994884,0.101027
SCN1_135 -0.017316,-8.015582,-56.719421,-0.000000,0.989531,0.144320
SCN1_136 -0.017569,-8.025126,-56.667149,-0.000000,0.984389,0.176008
SCN1_137 -0.018404,-8.037745,-56.601257,-0.000000,0.980457,0.196733
SCN1_138 -0.018288,-8.053153,-56.525459,0.000000,0.977158,0.212516
SCN1_139 -0.017080,-8.070879,-56.446297,0.000000,0.974270,0.225385
SCN1_140 -0.016478,-8.090496,-56.363861,-0.000000,0.971853,0.235590
SCN1_141 -0.016382,-8.111835,-56.278233,-0.000000,0.969931,0.243382
SCN1_142 -0.017985,-8.133531,-56.191399,-0.000000,0.968187,0.250228
SCN1_143 -0.017306,-8.156669,-56.103531,-0.000000,0.966519,0.256596
SCN1_144 -0.017238,-8.181071,-56.013142,-0.000000,0.965229,0.261404
SCN1_145 -0.017736,-8.205516,-55.922829,-0.000000,0.964324,0.264723
SCN1_146 -0.018264,-8.231530,-55.828960,0.000000,0.963788,0.266670
SCN1_147 -0.017196,-8.258187,-55.732834,0.000000,0.963737,0.266853
SCN1_148 -0.017089,-8.284745,-55.636684,0.000000,0.964042,0.265750
SCN1_149 -0.017724,-8.312464,-55.536507,-0.000000,0.964571,0.263822
SCN1_150 -0.017849,-8.339410,-55.437576,-0.000000,0.964925,0.262527
SCN1_151 -0.017467,-8.364786,-55.343258,0.000000,0.964490,0.264120
SCN1_152 -0.017261,-8.388240,-55.255482,-0.000000,0.963120,0.269074
SCN1_153 -0.018123,-8.414174,-55.162205,-0.000000,0.962048,0.272880
SCN1_154 -0.017527,-8.449022,-55.050831,0.000000,0.964375,0.264538
SCN1_155 -0.017298,-8.476632,-54.942352,0.000000,0.968032,0.250826
SCN1_156 -0.016916,-8.501988,-54.834015,-0.000000,0.969633,0.244563
SCN1_157 -0.015448,-8.526776,-54.739128,0.000000,0.969052,0.246856
SCN1_158 -0.014953,-8.550870,-54.647125,-0.000000,0.968297,0.249801
SCN1_159 -0.015573,-8.575336,-54.552338,-0.000000,0.967794,0.251742
SCN1_160 -0.016279,-8.600331,-54.457630,-0.000000,0.967517,0.252806
SCN1_161 -0.016888,-8.624828,-54.362629,0.000000,0.967168,0.254137
SCN1_162 -0.016705,-8.649844,-54.269371,-0.000000,0.966561,0.256437
SCN1_163 -0.015943,-8.674037,-54.176968,-0.000000,0.965452,0.260580
SCN1_164 -0.016760,-8.698159,-54.089977,0.000000,0.963795,0.266643
SCN1_165 -0.017087,-8.722055,-54.004967,0.000000,0.961647,0.274290
SCN1_166 -0.017239,-8.745226,-53.923973,-0.000000,0.958543,0.284947
SCN1_167 -0.016965,-8.768522,-53.848637,-0.000000,0.954535,0.298098
SCN1_168 -0.017582,-8.792619,-53.774078,-0.000000,0.949372,0.314153
SCN1_169 -0.017548,-8.815054,-53.709007,0.000000,0.942670,0.333727
SCN1_170 -0.017950,-8.834582,-53.654934,0.000000,0.932485,0.361209
SCN1_171 -0.017283,-8.849786,-53.617012,0.000000,0.917017,0.398849
SCN1_172 -0.017618,-8.860008,-53.593891,0.000000,0.894014,0.448038
SCN1_173 -0.017201,-8.866612,-53.582554,0.000000,0.866189,0.499716
SCN1_174 -0.016654,-8.870727,-53.575554,0.000000,0.832439,0.554117
SCN1_175 -0.016538,-8.874075,-53.571098,0.000000,0.794068,0.607830
SCN1_176 -0.016747,-8.878062,-53.566475,-0.000000,0.752160,0.658981
SCN1_177 -0.017747,-8.883042,-53.561192,0.000000,0.707959,0.706254
SCN1_178 -0.017549,-8.888382,-53.555408,0.000000,0.661021,0.750367
SCN1_179 -0.016945,-8.898556,-53.548378,0.000000,0.613609,0.789610
SCN1_180 -0.017933,-8.911904,-53.537956,-0.000000,0.566361,0.824158
SCN1_181 -0.018510,-8.926858,-53.528290,0.000000,0.517345,0.855777
SCN1_182 -0.017604,-8.943268,-53.519184,0.000000,0.469290,0.883044
SCN1_183 -0.018175,-8.962513,-53.509846,0.000000,0.417333,0.908754
SCN1_184 -0.016868,-8.980101,-53.502312,-0.000000,0.364314,0.931276
SCN1_185 -0.016845,-8.992389,-53.496857,-0.000000,0.305204,0.952287
SCN1_186 -0.017486,-9.004021,-53.494442,0.000000,0.243050,0.970014
SCN1_187 -0.016691,-9.018436,-53.491745,0.000000,0.186080,0.982535
SCN1_188 -0.015473,-9.031697,-53.487610,0.000000,0.121794,0.992555
SCN1_189 -0.015406,-9.051038,-53.486633,0.000000,0.062860,0.998022
SCN1_190 -0.016343,-9.093965,-53.485622,0.000000,0.022114,0.999755
SCN1_191 -0.015978,-9.163832,-53.486115,0.000000,0.002755,0.999996
SCN1_192 -0.015555,-9.258908,-53.486084,0.000000,-0.002132,0.999998
SCN1_193 -0.014937,-9.361312,-53.485352,0.000000,-0.002016,0.999998
SCN1_194 -0.015657,-9.458941,-53.485477,0.000000,-0.001985,0.999998
SCN1_195 -0.016301,-9.559086,-53.485729,0.000000,-0.001817,0.999998
SCN1_196 -0.017153,-9.660326,-53.485889,0.000000,-0.001252,0.999999
SCN1_197 -0.018021,-9.754741,-53.486069,0.000000,-0.000416,1.000000
SCN1_198 -0.016385,-9.856981,-53.485912,0.000000,0.000262,1.000000
SCN1_199 -0.015849,-9.958717,-53.485966,0.000000,0.000473,1.000000
SCN1_200 -0.016051,-10.062757,-53.485664,0.000000,0.000290,1.000000
SCN1_201 -0.015839,-10.158365,-53.486153,0.000000,0.000576,1.000000
SCN1_202 -0.016463,-10.256435,-53.485775,0.000000,0.000963,1.000000
SCN1_203 -0.017351,-10.358215,-53.485771,-0.000000,-0.000113,1.000000
SCN1_204 -0.018107,-10.454862,-53.486134,0.000000,-0.003009,0.999995
SCN1_205 -0.017271,-10.545699,-53.486115,0.000000,-0.009466,0.999955
SCN1_206 -0.015853,-10.626856,-53.486286,0.000000,-0.019018,0.999819
SCN1_207 -0.016262,-10.722772,-53.486092,0.000000,-0.025220,0.999682
SCN1_208 -0.015678,-10.850475,-53.486256,0.000000,-0.004686,0.999989
SCN1_209 -0.016615,-11.090876,-53.480064,0.000000,0.089725,0.995967
SCN1_210 -0.016455,-11.529492,-53.410130,0.000000,0.315538,0.948913
SCN1_211 -0.016555,-12.280298,-52.915123,0.000000,0.735918,0.677071
SCN1_212 -0.015795,-12.603528,-52.446186,0.000000,0.912585,0.408888
SCN1_213 -0.017048,-12.705141,-52.049210,0.000000,0.980030,0.198850
SCN1_214 -0.018166,-12.743184,-51.745827,-0.000000,0.997549,0.069973
SCN1_215 -0.015405,-12.751798,-51.618443,-0.000000,0.999143,0.041384
SCN1_216 -0.012691,-12.759987,-51.474812,0.000000,0.999652,0.026379
SCN1_217 -0.012636,-12.763262,-51.370502,-0.000000,0.999886,0.015112
SCN1_218 -0.012456,-12.766013,-51.229538,-0.000000,0.999990,-0.004519
SCN1_219 -0.012572,-12.761612,-51.112190,-0.000000,0.999879,-0.015585
SCN1_220 -0.013094,-12.759692,-51.016003,-0.000000,0.999905,-0.013769
SCN4_1 6.937360,4.006592,-69.921043,-0.866015,-0.499994,0.004995
SCN4_2 6.938139,4.005274,-69.802429,-0.866017,-0.499995,-0.004411
SCN4_3 6.937414,4.004962,-69.704018,-0.866010,-0.499991,-0.005972
SCN4_4 6.938028,4.003466,-69.606201,-0.866022,-0.499998,-0.002777
SCN4_5 6.938262,4.002505,-69.507416,-0.866024,-0.499999,-0.001912
SCN4_6 6.939017,4.001264,-69.409019,-0.866023,-0.499999,-0.002453
SCN4_7 6.939838,3.999485,-69.307472,-0.866020,-0.499997,-0.003626
SCN4_8 6.939572,3.998133,-69.208923,-0.866022,-0.499998,-0.002802
SCN4_9 6.939195,3.997859,-69.112152,-0.866025,-0.500000,0.000611
SCN4_10 6.940630,3.997382,-69.015030,-0.866023,-0.499998,0.002473
SCN4_11 6.941656,3.995800,-68.912903,-0.866025,-0.500000,0.001183
SCN4_12 6.941792,3.995635,-68.808701,-0.866025,-0.500000,-0.001355
SCN4_13 6.942325,3.994079,-68.706680,-0.866020,-0.499997,-0.003511
SCN4_14 6.942251,3.992819,-68.606087,-0.866019,-0.499996,-0.003850
SCN4_15 6.942405,3.991877,-68.509270,-0.866022,-0.499998,-0.002671
SCN4_16 6.943012,3.990974,-68.408089,-0.866024,-0.499999,-0.001855
SCN4_17 6.942974,3.990539,-68.309906,-0.866024,-0.499999,-0.001988
SCN4_18 6.944101,3.988574,-68.209923,-0.866023,-0.499998,-0.002455
SCN4_19 6.943731,3.987804,-68.110214,-0.866024,-0.499999,-0.001934
SCN4_20 6.942877,3.988953,-68.011467,-0.866025,-0.500000,-0.000357
SCN4_21 6.943723,3.988680,-67.912048,-0.866025,-0.500000,-0.000304
SCN4_22 6.943182,3.988841,-67.811508,-0.866024,-0.499999,-0.001532
SCN4_23 6.943971,3.987139,-67.707527,-0.866023,-0.499999,-0.002326
SCN4_24 6.943118,3.987489,-67.607719,-0.866023,-0.499999,-0.002129
SCN4_25 6.943776,3.987032,-67.509727,-0.866024,-0.499999,-0.001929
SCN4_26 6.943145,3.987105,-67.412170,-0.866024,-0.499999,-0.001708
SCN4_27 6.943149,3.986413,-67.311310,-0.866025,-0.500000,-0.000353
SCN4_28 6.943201,3.987144,-67.212486,-0.866025,-0.500000,0.000373
SCN4_29 6.942475,3.988310,-67.112869,-0.866025,-0.500000,-0.000372
SCN4_30 6.942613,3.988049,-67.010735,-0.866024,-0.499999,-0.001802
SCN4_31 6.943526,3.985479,-66.909332,-0.866022,-0.499998,-0.002881
SCN4_32 6.944238,3.983494,-66.808044,-0.866021,-0.499997,-0.003345
SCN4_33 6.943699,3.984944,-66.707001,-0.866017,-0.499995,-0.004436
SCN4_34 6.942147,3.985412,-66.607658,-0.866016,-0.499995,-0.004544
SCN4_35 6.941981,3.984235,-66.510132,-0.866024,-0.499999,-0.001964
SCN4_36 6.942034,3.985568,-66.411942,-0.866025,-0.500000,-0.000278
SCN4_37 6.941608,3.986238,-66.312950,-0.866025,-0.500000,-0.001016
SCN4_38 6.940548,3.986979,-66.211060,-0.866024,-0.499999,-0.001677
SCN4_39 6.940494,3.987320,-66.111023,-0.866024,-0.499999,-0.001627
SCN4_40 6.940139,3.986861,-66.012764,-0.866025,-0.500000,-0.000813
SCN4_41 6.940269,3.986788,-65.913300,-0.866025,-0.500000,0.000280
SCN4_42 6.941107,3.986615,-65.811928,-0.866025,-0.500000,-0.000436
SCN4_43 6.940528,3.986058,-65.710098,-0.866025,-0.500000,-0.001393
SCN4_44 6.940872,3.985184,-65.610306,-0.866025,-0.500000,-0.001259
SCN4_45 6.941514,3.984931,-65.510277,-0.866024,-0.499999,-0.002076
SCN4_46 6.941040,3.984169,-65.408333,-0.866021,-0.499998,-0.003049
SCN4_47 6.940837,3.984651,-65.311653,-0.866021,-0.499998,-0.003041
SCN4_48 6.939968,3.984579,-65.212425,-0.866024,-0.499999,-0.001665
SCN4_49 6.939196,3.985907,-65.113876,-0.866025,-0.500000,0.000583
SCN4_50 6.939934,3.985538,-65.013901,-0.866025,-0.500000,0.000662
SCN4_51 6.940494,3.985965,-64.909851,-0.866023,-0.499999,-0.002295
SCN4_52 6.938358,3.986360,-64.810638,-0.866020,-0.499997,-0.003659
SCN4_53 6.938265,3.986066,-64.710426,-0.866024,-0.499999,-0.001461
SCN4_54 6.938835,3.986224,-64.614418,-0.866025,-0.500000,-0.000133
SCN4_55 6.939173,3.985247,-64.513351,-0.866025,-0.500000,-0.000653
SCN4_56 6.940265,3.983159,-64.410248,-0.866024,-0.499999,-0.001855
SCN4_57 6.939237,3.984823,-64.309532,-0.866021,-0.499998,-0.003136
SCN4_58 6.937699,3.985492,-64.210823,-0.866022,-0.499998,-0.002883
SCN4_59 6.937756,3.986335,-64.112427,-0.866024,-0.499999,-0.001811
SCN4_60 6.937478,3.985259,-64.013412,-0.866025,-0.500000,-0.000559
SCN4_61 6.937908,3.985380,-63.913540,-0.866025,-0.500000,0.000397
SCN4_62 6.937573,3.986336,-63.813145,-0.866025,-0.500000,-0.000526
SCN4_63 6.937914,3.985184,-63.712250,-0.866024,-0.499999,-0.001868
SCN4_64 6.938130,3.983703,-63.611149,-0.866024,-0.499999,-0.002074
SCN4_65 6.938173,3.983940,-63.510944,-0.866024,-0.499999,-0.002014
SCN4_66 6.937932,3.983999,-63.411587,-0.866023,-0.499998,-0.002524
SCN4_67 6.937860,3.982828,-63.311478,-0.866023,-0.499998,-0.002471
SCN4_68 6.938107,3.982969,-63.211765,-0.866023,-0.499999,-0.002415
SCN4_69 6.936747,3.984208,-63.110485,-0.866023,-0.499999,-0.002259
SCN4_70 6.935790,3.984752,-63.011784,-0.866025,-0.500000,-0.000868
SCN4_71 6.936367,3.985609,-62.914131,-0.866025,-0.500000,-0.000631
SCN4_72 6.936491,3.983553,-62.813972,-0.866025,-0.500000,-0.001015
SCN4_73 6.937011,3.983456,-62.712414,-0.866025,-0.500000,-0.000781
SCN4_74 6.936666,3.982918,-62.614594,-0.866025,-0.500000,-0.000341
SCN4_75 6.936801,3.983542,-62.513561,-0.866025,-0.500000,-0.000152
SCN4_76 6.937052,3.983084,-62.413502,-0.866025,-0.500000,-0.001000
SCN4_77 6.936286,3.983519,-62.311901,-0.866025,-0.500000,-0.001267
SCN4_78 6.936316,3.983051,-62.211971,-0.866025,-0.500000,-0.000688
SCN4_79 6.936977,3.983003,-62.112984,-0.866025,-0.500000,-0.001146
SCN4_80 6.935825,3.983458,-62.011841,-0.866024,-0.499999,-0.001985
SCN4_81 6.936059,3.983576,-61.910347,-0.866023,-0.499999,-0.002440
SCN4_82 6.935510,3.982937,-61.811729,-0.866023,-0.499999,-0.002333
SCN4_83 6.936227,3.982250,-61.710823,-0.866024,-0.499999,-0.001803
SCN4_84 6.935792,3.982406,-61.613209,-0.866025,-0.500000,-0.001352
SCN4_85 6.934637,3.983548,-61.514580,-0.866025,-0.500000,0.000305
SCN4_86 6.933796,3.985593,-61.416481,-0.866024,-0.499999,0.001843
SCN4_87 6.935458,3.984732,-61.317623,-0.866025,-0.500000,0.001073
SCN4_88 6.934261,3.984350,-61.214211,-0.866025,-0.500000,0.000862
SCN4_89 6.934610,3.984591,-61.116009,-0.866024,-0.499999,0.001793
SCN4_90 6.937042,3.983108,-61.012611,-0.866025,-0.500000,-0.000660
SCN4_91 6.936089,3.981881,-60.910820,-0.866021,-0.499997,-0.003282
SCN4_92 6.935914,3.981795,-60.810108,-0.866022,-0.499998,-0.002617
SCN4_93 6.935875,3.981061,-60.715218,-0.866025,-0.500000,-0.000496
SCN4_94 6.936203,3.981873,-60.614826,-0.866025,-0.500000,0.000662
SCN4_95 6.935055,3.983121,-60.513832,-0.866025,-0.500000,0.000336
SCN4_96 6.935203,3.983649,-60.412216,-0.866025,-0.500000,-0.000674
SCN4_97 6.934876,3.983428,-60.313656,-0.866024,-0.499999,-0.001729
SCN4_98 6.934981,3.982736,-60.211170,-0.866024,-0.499999,-0.001582
SCN4_99 6.934556,3.983208,-60.114807,-0.866025,-0.500000,-0.000628
SCN4_100 6.934997,3.982440,-60.016659,-0.866025,-0.500000,0.000266
SCN4_101 6.935508,3.982047,-59.914028,-0.866025,-0.500000,0.000122
SCN4_102 6.934848,3.982695,-59.812508,-0.866025,-0.500000,-0.000896
SCN4_103 6.935204,3.982438,-59.710781,-0.866023,-0.499998,-0.002579
SCN4_104 6.934148,3.983394,-59.609131,-0.866018,-0.499996,-0.004084
SCN4_105 6.933482,3.982818,-59.508949,-0.866021,-0.499997,-0.003210
SCN4_106 6.933233,3.983163,-59.412701,-0.866025,-0.500000,-0.000574
SCN4_107 6.933476,3.983201,-59.315971,-0.866024,-0.499999,0.001537
SCN4_108 6.934769,3.980993,-59.215324,-0.866023,-0.499999,0.002443
SCN4_109 6.934935,3.982052,-59.115265,-0.866025,-0.500000,0.001341
SCN4_110 6.934399,3.983107,-59.012104,-0.866025,-0.500000,-0.001234
SCN4_111 6.933479,3.983195,-58.913937,-0.866023,-0.499999,-0.002230
SCN4_112 6.933484,3.982890,-58.812523,-0.866025,-0.500000,-0.001033
SCN4_113 6.933350,3.983359,-58.715961,-0.866025,-0.500000,0.000325
SCN4_114 6.934291,3.982082,-58.616886,-0.866025,-0.500000,0.000735
SCN4_115 6.934696,3.981694,-58.514118,-0.866025,-0.500000,0.000299
SCN4_116 6.934551,3.981144,-58.415535,-0.866025,-0.500000,0.000233
SCN4_117 6.934589,3.981268,-58.313988,-0.866025,-0.500000,0.000139
SCN4_118 6.934066,3.983831,-58.212173,-0.866024,-0.499999,-0.002060
SCN4_119 6.932518,3.984097,-58.110687,-0.866019,-0.499997,-0.003732
SCN4_120 6.932251,3.982922,-58.012096,-0.866024,-0.499999,-0.002068
SCN4_121 6.933389,3.983042,-57.912636,-0.866025,-0.500000,-0.001230
SCN4_122 6.933426,3.982394,-57.812504,-0.866024,-0.499999,-0.002059
SCN4_123 6.932740,3.980732,-57.714413,-0.866025,-0.500000,-0.000071
SCN4_124 6.934323,3.980795,-57.621315,-0.866023,-0.499999,0.002133
SCN4_125 6.934162,3.980328,-57.521389,-0.866023,-0.499999,0.002113
SCN4_126 6.934003,3.982345,-57.416500,-0.866025,-0.500000,0.000471
SCN4_127 6.933074,3.982325,-57.316425,-0.866025,-0.500000,-0.001258
SCN4_128 6.932893,3.982244,-57.213463,-0.866024,-0.499999,-0.001966
SCN4_129 6.934026,3.982058,-57.110081,-0.866017,-0.499995,-0.004277
SCN4_130 6.932839,3.982084,-57.006622,-0.866014,-0.499993,-0.005123
SCN4_131 6.934323,3.979868,-56.921097,-0.866024,-0.499999,0.001576
SCN4_132 6.934358,3.978163,-56.850971,-0.865786,-0.499862,0.023494
SCN4_133 6.935294,3.979508,-56.804199,-0.864390,-0.499056,0.061424
SCN4_134 6.936914,3.983391,-56.767002,-0.861213,-0.497221,0.105276
SCN4_135 6.941702,3.987767,-56.723595,-0.856937,-0.494753,0.144491
SCN4_136 6.948132,3.995186,-56.668240,-0.852901,-0.492423,0.173436
SCN4_137 6.957339,4.004700,-56.600922,-0.849567,-0.490498,0.194031
SCN4_138 6.971103,4.012102,-56.525372,-0.846959,-0.488992,0.208679
SCN4_139 6.986459,4.021162,-56.443905,-0.844677,-0.487675,0.220666
SCN4_140 7.002464,4.030223,-56.362083,-0.842295,-0.486299,0.232492
SCN4_141 7.020771,4.038593,-56.281494,-0.840037,-0.484995,0.243142
SCN4_142 7.040831,4.048106,-56.196442,-0.838399,-0.484050,0.250564
SCN4_143 7.059870,4.061885,-56.106369,-0.837199,-0.483357,0.255859
SCN4_144 7.080424,4.073293,-56.016842,-0.836027,-0.482681,0.260917
SCN4_145 7.102405,4.084037,-55.928013,-0.835120,-0.482157,0.264764
SCN4_146 7.125007,4.098324,-55.832809,-0.834958,-0.482063,0.265445
SCN4_147 7.147979,4.112347,-55.733967,-0.835311,-0.482267,0.263959
SCN4_148 7.171837,4.124223,-55.635666,-0.835609,-0.482439,0.262699
SCN4_149 7.194750,4.137808,-55.538513,-0.835786,-0.482541,0.261945
SCN4_150 7.216768,4.152609,-55.440952,-0.835775,-0.482535,0.261991
SCN4_151 7.239416,4.162789,-55.348213,-0.835264,-0.482240,0.264156
SCN4_152 7.259969,4.177470,-55.255070,-0.834534,-0.481818,0.267215
SCN4_153 7.286656,4.191202,-55.151760,-0.835194,-0.482199,0.264452
SCN4_154 7.313093,4.204282,-55.047607,-0.837487,-0.483524,0.254597
SCN4_155 7.334531,4.219248,-54.937508,-0.839240,-0.484535,0.246782
SCN4_156 7.354597,4.233072,-54.841366,-0.838996,-0.484394,0.247888
SCN4_157 7.375727,4.244778,-54.748966,-0.838085,-0.483868,0.251963
SCN4_158 7.398446,4.255124,-54.656868,-0.837741,-0.483670,0.253481
SCN4_159 7.421122,4.267502,-54.557957,-0.838044,-0.483845,0.252142
SCN4_160 7.443090,4.280693,-54.458534,-0.838347,-0.484020,0.250796
SCN4_161 7.464644,4.292434,-54.363228,-0.838231,-0.483953,0.251312
SCN4_162 7.485783,4.304642,-54.269684,-0.837649,-0.483617,0.253886
SCN4_163 7.506712,4.316856,-54.178570,-0.836717,-0.483079,0.257953
SCN4_164 7.528350,4.327213,-54.089581,-0.835403,-0.482320,0.263569
SCN4_165 7.547976,4.341222,-54.003368,-0.833655,-0.481311,0.270847
SCN4_166 7.569561,4.351495,-53.920937,-0.831423,-0.480022,0.279848
SCN4_167 7.588749,4.363626,-53.842716,-0.828122,-0.478116,0.292607
SCN4_168 7.608206,4.376284,-53.770981,-0.823705,-0.475567,0.308781
SCN4_169 7.626741,4.389250,-53.704613,-0.818130,-0.472348,0.327950
SCN4_170 7.644173,4.399800,-53.647575,-0.809825,-0.467553,0.354370
SCN4_171 7.657568,4.407696,-53.607433,-0.796878,-0.460078,0.391552
SCN4_172 7.666350,4.411335,-53.585251,-0.777452,-0.448862,0.440558
SCN4_173 7.671751,4.412079,-53.575840,-0.752382,-0.434388,0.495206
SCN4_174 7.676141,4.413671,-53.569767,-0.723575,-0.417756,0.549472
SCN4_175 7.679489,4.415742,-53.563339,-0.691630,-0.399313,0.601829
SCN4_176 7.684757,4.417994,-53.557236,-0.656582,-0.379078,0.652073
SCN4_177 7.690003,4.419903,-53.550499,-0.619943,-0.357924,0.698256
SCN4_178 7.694469,4.424615,-53.544857,-0.580428,-0.335110,0.742162
SCN4_179 7.698706,4.431222,-53.538383,-0.537446,-0.310295,0.784136
SCN4_180 7.706554,4.438536,-53.531143,-0.495676,-0.286179,0.820004
SCN4_181 7.720603,4.448392,-53.520508,-0.454530,-0.262423,0.851197
SCN4_182 7.738075,4.458231,-53.508732,-0.414704,-0.239430,0.877892
SCN4_183 7.755289,4.466608,-53.498692,-0.370454,-0.213882,0.903891
SCN4_184 7.766488,4.474310,-53.492233,-0.324267,-0.187216,0.927254
SCN4_185 7.776897,4.481111,-53.487835,-0.271542,-0.156775,0.949572
SCN4_186 7.788935,4.489464,-53.484287,-0.220715,-0.127430,0.966978
SCN4_187 7.800520,4.496222,-53.480713,-0.173782,-0.100333,0.979660
SCN4_188 7.809077,4.502873,-53.477322,-0.113495,-0.065526,0.991375
SCN4_189 7.823970,4.512394,-53.476498,-0.059919,-0.034594,0.997604
SCN4_190 7.857156,4.533876,-53.475098,-0.023799,-0.013740,0.999622
SCN4_191 7.916810,4.569103,-53.475609,-0.004771,-0.002754,0.999985
SCN4_192 7.997769,4.614173,-53.474804,0.001115,0.000644,0.999999
SCN4_193 8.082233,4.665434,-53.474823,0.001327,0.000766,0.999999
SCN4_194 8.171266,4.715474,-53.474655,-0.000322,-0.000186,1.000000
SCN4_195 8.255733,4.765639,-53.474529,-0.001941,-0.001120,0.999997
SCN4_196 8.354876,4.821867,-53.474136,-0.002779,-0.001604,0.999995
SCN4_197 8.432177,4.867232,-53.473595,-0.002058,-0.001188,0.999997
SCN4_198 8.515636,4.913747,-53.473652,-0.000671,-0.000387,1.000000
SCN4_199 8.605855,4.965457,-53.473576,0.000327,0.000189,1.000000
SCN4_200 8.691933,5.015538,-53.473797,0.000261,0.000151,1.000000
SCN4_201 8.782942,5.066616,-53.473877,-0.000887,-0.000512,0.999999
SCN4_202 8.870795,5.117389,-53.473392,-0.001883,-0.001087,0.999998
SCN4_203 8.954353,5.166918,-53.473759,-0.002422,-0.001399,0.999996
SCN4_204 9.045464,5.219033,-53.472843,-0.000671,-0.000387,1.000000
SCN4_205 9.128019,5.265234,-53.473282,0.004633,0.002675,0.999986
SCN4_206 9.200492,5.307364,-53.472919,0.012143,0.007011,0.999902
SCN4_207 9.270274,5.349988,-53.471790,0.017758,0.010252,0.999790
SCN4_208 9.371797,5.408662,-53.473019,0.004022,0.002322,0.999989
SCN4_209 9.572145,5.524220,-53.467545,-0.070415,-0.040654,0.996689
SCN4_210 9.962233,5.748533,-53.400703,-0.264542,-0.152734,0.952203
SCN4_211 10.364756,5.986090,-53.152596,-0.476242,-0.274958,0.835220
SCN4_212 10.583250,6.110186,-52.956821,-0.574902,-0.331920,0.747875
SCN4_213 10.745485,6.203253,-52.778046,-0.641890,-0.370596,0.671294
SCN4_214 10.880527,6.279730,-52.593735,-0.697489,-0.402696,0.592743
SCN4_215 10.979941,6.337271,-52.421314,-0.737011,-0.425514,0.525121
SCN4_216 11.045379,6.376493,-52.280922,-0.755328,-0.436089,0.489190
SCN4_217 11.076226,6.394813,-52.218838,-0.744210,-0.429670,0.511405
SCN4_218 11.068740,6.388846,-52.234528,-0.704554,-0.406775,0.581496
SCN4_219 11.066525,6.384959,-52.240463,-0.664747,-0.383792,0.640948
SCN4_220 11.073005,6.384120,-52.234058,-0.627759,-0.362437,0.688881
SCN4_221 11.073026,6.382059,-52.234608,-0.585255,-0.337897,0.737090
SCN4_222 11.107798,6.402207,-52.202892,-0.562505,-0.324762,0.760340
SCN4_223 11.162528,6.437545,-52.147346,-0.557514,-0.321881,0.765226
SCN5_1 -6.923166,3.993625,-69.916679,0.866016,-0.499995,-0.004607
SCN5_2 -6.924287,3.991360,-69.823868,0.866025,-0.500000,0.001093
SCN5_3 -6.924792,3.991047,-69.731422,0.866018,-0.499996,0.004055
SCN5_4 -6.925601,3.990553,-69.624748,0.866024,-0.499999,0.001799
SCN5_5 -6.926344,3.988650,-69.524323,0.866025,-0.500000,-0.001178
SCN5_6 -6.926424,3.988361,-69.421043,0.866024,-0.499999,-0.001632
SCN5_7 -6.927198,3.986713,-69.322037,0.866025,-0.500000,-0.001120
SCN5_8 -6.928576,3.985255,-69.221695,0.866025,-0.500000,-0.001108
SCN5_9 -6.928559,3.983688,-69.122276,0.866025,-0.500000,-0.000263
SCN5_10 -6.928677,3.983962,-69.028511,0.866024,-0.499999,0.001957
SCN5_11 -6.929453,3.983291,-68.929466,0.866020,-0.499997,0.003588
SCN5_12 -6.930523,3.982827,-68.828583,0.866020,-0.499997,0.003447
SCN5_13 -6.929666,3.984371,-68.727043,0.866023,-0.499999,0.002373
SCN5_14 -6.930758,3.983107,-68.624992,0.866024,-0.499999,0.001457
SCN5_15 -6.930501,3.983337,-68.524521,0.866025,-0.500000,0.001079
SCN5_16 -6.930922,3.983032,-68.427917,0.866025,-0.500000,0.001065
SCN5_17 -6.931699,3.982063,-68.326492,0.866025,-0.500000,0.000636
SCN5_18 -6.931784,3.981879,-68.223381,0.866025,-0.500000,0.000030
SCN5_19 -6.932358,3.981118,-68.122276,0.866025,-0.500000,-0.000248
SCN5_20 -6.932613,3.979768,-68.025040,0.866025,-0.500000,0.000645
SCN5_21 -6.932668,3.980796,-67.926041,0.866024,-0.499999,0.001986
SCN5_22 -6.932950,3.980030,-67.826515,0.866022,-0.499998,0.002826
SCN5_23 -6.933753,3.980520,-67.729462,0.866023,-0.499998,0.002515
SCN5_24 -6.933955,3.979334,-67.626633,0.866024,-0.499999,0.001752
SCN5_25 -6.933691,3.980570,-67.525932,0.866024,-0.499999,0.001435
SCN5_26 -6.933838,3.980622,-67.425270,0.866025,-0.500000,0.000454
SCN5_27 -6.934501,3.980180,-67.324043,0.866025,-0.500000,-0.000910
SCN5_28 -6.933383,3.979688,-67.223404,0.866025,-0.500000,-0.000196
SCN5_29 -6.934638,3.979526,-67.125023,0.866025,-0.500000,0.001276
SCN5_30 -6.934914,3.978967,-67.024712,0.866025,-0.500000,0.001200
SCN5_31 -6.933809,3.981123,-66.927795,0.866025,-0.500000,0.001132
SCN5_32 -6.932369,3.983019,-66.826530,0.866024,-0.499999,0.001857
SCN5_33 -6.933228,3.982672,-66.726921,0.866024,-0.499999,0.001969
SCN5_34 -6.934093,3.982915,-66.622658,0.866025,-0.500000,-0.000338
SCN5_35 -6.933327,3.981386,-66.524719,0.866025,-0.500000,-0.001248
SCN5_36 -6.934217,3.981207,-66.424477,0.866025,-0.500000,0.000322
SCN5_37 -6.933465,3.981330,-66.328186,0.866022,-0.499998,0.002599
SCN5_38 -6.934412,3.981778,-66.230011,0.866019,-0.499996,0.003880
SCN5_39 -6.935797,3.980431,-66.127037,0.866023,-0.499999,0.002278
SCN5_40 -6.935960,3.980067,-66.024315,0.866025,-0.500000,0.000387
SCN5_41 -6.935018,3.980293,-65.924782,0.866025,-0.500000,0.000912
SCN5_42 -6.935150,3.981443,-65.827248,0.866024,-0.499999,0.002027
SCN5_43 -6.935698,3.981798,-65.726143,0.866025,-0.500000,0.000882
SCN5_44 -6.935441,3.981149,-65.626190,0.866025,-0.500000,-0.000359
SCN5_45 -6.935943,3.980160,-65.523918,0.866025,-0.500000,0.000125
SCN5_46 -6.935249,3.981824,-65.428207,0.866025,-0.500000,0.001199
SCN5_47 -6.935124,3.981642,-65.328423,0.866023,-0.499998,0.002477
SCN5_48 -6.936486,3.981496,-65.228073,0.866023,-0.499999,0.002359
SCN5_49 -6.936760,3.980428,-65.126686,0.866024,-0.499999,0.001628
SCN5_50 -6.936708,3.979779,-65.029564,0.866022,-0.499998,0.002801
SCN5_51 -6.936331,3.982713,-64.929977,0.866021,-0.499997,0.003173
SCN5_52 -6.936705,3.982641,-64.826149,0.866025,-0.500000,0.001221
SCN5_53 -6.936468,3.982377,-64.723816,0.866025,-0.500000,-0.000198
SCN5_54 -6.936011,3.982623,-64.625183,0.866025,-0.500000,0.000112
SCN5_55 -6.936880,3.982167,-64.524765,0.866025,-0.500000,0.000218
SCN5_56 -6.936723,3.982506,-64.424393,0.866025,-0.500000,-0.000624
SCN5_57 -6.935594,3.983113,-64.322868,0.866025,-0.500000,-0.000425
SCN5_58 -6.936605,3.982814,-64.227821,0.866025,-0.500000,0.000054
SCN5_59 -6.936821,3.981512,-64.125008,0.866025,-0.500000,0.000778
SCN5_60 -6.937177,3.981145,-64.028046,0.866022,-0.499998,0.002728
SCN5_61 -6.937206,3.981992,-63.931339,0.866017,-0.499995,0.004331
SCN5_62 -6.938270,3.981642,-63.831074,0.866017,-0.499995,0.004340
SCN5_63 -6.938710,3.980921,-63.732357,0.866020,-0.499997,0.003448
SCN5_64 -6.939611,3.980826,-63.626713,0.866024,-0.499999,0.001887
SCN5_65 -6.937428,3.984148,-63.525002,0.866025,-0.500000,0.000518
SCN5_66 -6.937163,3.984701,-63.426319,0.866025,-0.500000,0.000531
SCN5_67 -6.936929,3.985123,-63.326492,0.866024,-0.499999,0.001519
SCN5_68 -6.937689,3.984165,-63.228550,0.866022,-0.499998,0.002613
SCN5_69 -6.937431,3.985603,-63.128128,0.866023,-0.499999,0.002407
SCN5_70 -6.938303,3.984952,-63.024925,0.866025,-0.500000,0.000462
SCN5_71 -6.938161,3.984087,-62.923111,0.866025,-0.500000,-0.001156
SCN5_72 -6.937911,3.985120,-62.822048,0.866024,-0.499999,-0.001586
SCN5_73 -6.937991,3.983756,-62.723522,0.866025,-0.500000,-0.000212
SCN5_74 -6.937839,3.983695,-62.628998,0.866021,-0.499997,0.003234
SCN5_75 -6.939689,3.982857,-62.532322,0.866014,-0.499994,0.005097
SCN5_76 -6.940140,3.983303,-62.431240,0.866019,-0.499996,0.003973
SCN5_77 -6.939400,3.984230,-62.328808,0.866022,-0.499998,0.002833
SCN5_78 -6.938422,3.986469,-62.229595,0.866022,-0.499998,0.002846
SCN5_79 -6.938793,3.986599,-62.127869,0.866023,-0.499998,0.002562
SCN5_80 -6.939653,3.986642,-62.025608,0.866025,-0.500000,0.001049
SCN5_81 -6.939835,3.984485,-61.925167,0.866025,-0.500000,0.000733
SCN5_82 -6.941100,3.983638,-61.826969,0.866024,-0.499999,0.001987
SCN5_83 -6.941138,3.983989,-61.729408,0.866022,-0.499998,0.002946
SCN5_84 -6.941707,3.983115,-61.630753,0.866017,-0.499995,0.004298
SCN5_85 -6.940936,3.985243,-61.531719,0.866014,-0.499994,0.005029
SCN5_86 -6.942187,3.986411,-61.428120,0.866023,-0.499999,0.002296
SCN5_87 -6.941871,3.984942,-61.322514,0.866025,-0.500000,-0.000982
SCN5_88 -6.942237,3.983979,-61.223015,0.866025,-0.500000,-0.000795
SCN5_89 -6.941880,3.984522,-61.126728,0.866025,-0.500000,0.001290
SCN5_90 -6.941630,3.985348,-61.028893,0.866021,-0.499997,0.003270
SCN5_91 -6.942675,3.985811,-60.928734,0.866022,-0.499998,0.002629
SCN5_92 -6.945435,3.980547,-60.824364,0.866025,-0.500000,0.000724
SCN5_93 -6.941495,3.986669,-60.726017,0.866025,-0.500000,0.000965
SCN5_94 -6.941638,3.987302,-60.627914,0.866022,-0.499998,0.002635
SCN5_95 -6.941679,3.986655,-60.531792,0.866017,-0.499995,0.004276
SCN5_96 -6.943844,3.986713,-60.429283,0.866022,-0.499998,0.002723
SCN5_97 -6.943292,3.986664,-60.325096,0.866025,-0.500000,-0.000869
SCN5_98 -6.942977,3.985387,-60.223915,0.866025,-0.500000,-0.000859
SCN5_99 -6.943325,3.985537,-60.128239,0.866024,-0.499999,0.001682
SCN5_100 -6.943390,3.986449,-60.029549,0.866020,-0.499997,0.003432
SCN5_101 -6.942801,3.988009,-59.932556,0.866019,-0.499996,0.003917
SCN5_102 -6.943083,3.987931,-59.829979,0.866020,-0.499997,0.003529
SCN5_103 -6.944461,3.987087,-59.726120,0.866025,-0.500000,0.001210
SCN5_104 -6.944809,3.987027,-59.621235,0.866023,-0.499998,-0.002454
SCN5_105 -6.943955,3.985681,-59.522774,0.866022,-0.499998,-0.002837
SCN5_106 -6.944149,3.985299,-59.426296,0.866025,-0.500000,0.001109
SCN5_107 -6.943964,3.986036,-59.332821,0.866014,-0.499994,0.005069
SCN5_108 -6.944705,3.988278,-59.232742,0.866015,-0.499994,0.004890
SCN5_109 -6.944475,3.988026,-59.128368,0.866024,-0.499999,0.001843
SCN5_110 -6.944544,3.987762,-59.024872,0.866025,-0.500000,-0.000096
SCN5_111 -6.945705,3.986129,-58.924751,0.866025,-0.500000,-0.000994
SCN5_112 -6.945083,3.986132,-58.823727,0.866025,-0.500000,-0.000471
SCN5_113 -6.945229,3.986679,-58.726151,0.866025,-0.500000,0.000878
SCN5_114 -6.945498,3.985422,-58.628033,0.866023,-0.499999,0.002121
SCN5_115 -6.945930,3.987075,-58.527710,0.866024,-0.499999,0.001512
SCN5_116 -6.944458,3.988997,-58.424461,0.866025,-0.500000,-0.000493
SCN5_117 -6.943833,3.988420,-58.324707,0.866025,-0.500000,-0.000266
SCN5_118 -6.944995,3.988172,-58.225220,0.866025,-0.500000,0.000200
SCN5_119 -6.945266,3.987311,-58.123631,0.866025,-0.500000,-0.000598
SCN5_120 -6.945423,3.986749,-58.023983,0.866025,-0.500000,-0.000708
SCN5_121 -6.945148,3.986423,-57.928944,0.866025,-0.500000,0.000529
SCN5_122 -6.946345,3.985247,-57.828182,0.866024,-0.499999,0.001672
SCN5_123 -6.946975,3.985028,-57.729725,0.866025,-0.500000,0.000884
SCN5_124 -6.946533,3.985546,-57.626915,0.866025,-0.500000,-0.000581
SCN5_125 -6.944889,3.987249,-57.525185,0.866025,-0.500000,-0.000634
SCN5_126 -6.945655,3.986794,-57.425232,0.866025,-0.500000,-0.000348
SCN5_127 -6.945814,3.986044,-57.325012,0.866025,-0.500000,-0.000900
SCN5_128 -6.946263,3.985292,-57.224655,0.866024,-0.499999,-0.001952
SCN5_129 -6.946437,3.984519,-57.121346,0.866021,-0.499997,-0.003364
SCN5_130 -6.945656,3.985868,-57.022129,0.866019,-0.499996,-0.003963
SCN5_131 -6.944115,3.988466,-56.925526,0.866025,-0.500000,-0.000463
SCN5_132 -6.943041,3.989839,-56.846050,0.865949,-0.499956,0.013301
SCN5_133 -6.944561,3.989337,-56.786854,0.865231,-0.499541,0.042827
SCN5_134 -6.945562,3.989581,-56.749905,0.862873,-0.498180,0.085246
SCN5_135 -6.947422,3.994883,-56.717247,0.858376,-0.495584,0.132618
SCN5_136 -6.953587,4.001705,-56.670353,0.853588,-0.492819,0.168870
SCN5_137 -6.963220,4.009259,-56.605537,0.849931,-0.490708,0.191892
SCN5_138 -6.975987,4.016425,-56.531548,0.847162,-0.489109,0.207576
SCN5_139 -6.991571,4.024462,-56.452019,0.844804,-0.487748,0.220021
SCN5_140 -7.007679,4.033893,-56.370171,0.842673,-0.486517,0.230659
SCN5_141 -7.025344,4.043837,-56.286469,0.840647,-0.485347,0.240315
SCN5_142 -7.045163,4.053074,-56.200829,0.838927,-0.484355,0.248197
SCN5_143 -7.066150,4.062471,-56.112709,0.837512,-0.483538,0.254488
SCN5_144 -7.086703,4.073290,-56.024315,0.836224,-0.482794,0.260075
SCN5_145 -7.108373,4.085570,-55.934113,0.835225,-0.482217,0.264322
SCN5_146 -7.129961,4.099092,-55.841068,0.834643,-0.481881,0.266761
SCN5_147 -7.152827,4.112019,-55.746517,0.834384,-0.481732,0.267841
SCN5_148 -7.177019,4.125367,-55.647678,0.834522,-0.481811,0.267265
SCN5_149 -7.200344,4.138759,-55.550404,0.834905,-0.482033,0.265665
SCN5_150 -7.224093,4.152064,-55.451431,0.835221,-0.482215,0.264336
SCN5_151 -7.245566,4.166027,-55.357471,0.835119,-0.482156,0.264765
SCN5_152 -7.267760,4.178018,-55.263802,0.834385,-0.481733,0.267834
SCN5_153 -7.290485,4.190501,-55.169987,0.833746,-0.481363,0.270476
SCN5_154 -7.318152,4.206407,-55.063896,0.835080,-0.482134,0.264929
SCN5_155 -7.342903,4.220809,-54.956623,0.837639,-0.483611,0.253933
SCN5_156 -7.364753,4.234775,-54.848907,0.839015,-0.484406,0.247799
SCN5_157 -7.385182,4.248571,-54.753727,0.838655,-0.484198,0.249420
SCN5_158 -7.406902,4.260273,-54.660442,0.837937,-0.483783,0.252616
SCN5_159 -7.428999,4.271076,-54.567364,0.837548,-0.483559,0.254332
SCN5_160 -7.451015,4.284179,-54.471104,0.837512,-0.483538,0.254489
SCN5_161 -7.473176,4.295749,-54.375134,0.837436,-0.483494,0.254821
SCN5_162 -7.494465,4.307929,-54.282543,0.836917,-0.483194,0.257085
SCN5_163 -7.515053,4.319489,-54.193218,0.835792,-0.482545,0.261921
SCN5_164 -7.536701,4.331076,-54.105553,0.834235,-0.481646,0.268456
SCN5_165 -7.556399,4.344936,-54.020290,0.832413,-0.480594,0.275894
SCN5_166 -7.577574,4.356305,-53.938675,0.830095,-0.479256,0.285055
SCN5_167 -7.596776,4.370286,-53.859592,0.826802,-0.477354,0.297542
SCN5_168 -7.617328,4.381814,-53.787697,0.822552,-0.474901,0.312853
SCN5_169 -7.637500,4.392788,-53.720749,0.816847,-0.471607,0.332187
SCN5_170 -7.653656,4.403915,-53.666557,0.808302,-0.466673,0.358977
SCN5_171 -7.665430,4.412757,-53.628815,0.794431,-0.458665,0.398128
SCN5_172 -7.673648,4.416598,-53.608551,0.774678,-0.447261,0.447025
SCN5_173 -7.680568,4.417925,-53.597473,0.749827,-0.432913,0.500346
SCN5_174 -7.684830,4.420002,-53.589504,0.720584,-0.416029,0.554688
SCN5_175 -7.688702,4.421474,-53.583862,0.688878,-0.397724,0.606022
SCN5_176 -7.693607,4.423433,-53.577770,0.652557,-0.376754,0.657439
SCN5_177 -7.699782,4.425046,-53.571510,0.615815,-0.355541,0.703110
SCN5_178 -7.703855,4.427006,-53.565933,0.575117,-0.332044,0.747655
SCN5_179 -7.707260,4.434365,-53.561157,0.531532,-0.306880,0.789492
SCN5_180 -7.715775,4.444040,-53.552738,0.489814,-0.282795,0.824687
SCN5_181 -7.729910,4.453942,-53.541710,0.448807,-0.259119,0.855237
SCN5_182 -7.745154,4.464354,-53.530819,0.406919,-0.234935,0.882736
SCN5_183 -7.760871,4.472971,-53.522434,0.365057,-0.210766,0.906814
SCN5_184 -7.774447,4.480021,-53.514973,0.318272,-0.183754,0.930020
SCN5_185 -7.785349,4.486453,-53.510624,0.266230,-0.153708,0.951575
SCN5_186 -7.797354,4.492190,-53.507172,0.213848,-0.123465,0.969033
SCN5_187 -7.808733,4.499010,-53.504017,0.162774,-0.093978,0.982178
SCN5_188 -7.820254,4.505514,-53.501171,0.106774,-0.061646,0.992370
SCN5_189 -7.835673,4.516016,-53.499058,0.055704,-0.032161,0.997929
SCN5_190 -7.872425,4.539437,-53.498428,0.016853,-0.009730,0.999811
SCN5_191 -7.931149,4.573669,-53.499329,0.000789,-0.000456,1.000000
SCN5_192 -8.009290,4.619519,-53.499237,-0.002664,0.001538,0.999995
SCN5_193 -8.096753,4.670023,-53.498878,-0.001712,0.000988,0.999998
SCN5_194 -8.188182,4.722704,-53.498444,-0.001310,0.000757,0.999999
SCN5_195 -8.273301,4.773178,-53.498959,-0.001434,0.000828,0.999999
SCN5_196 -8.361876,4.823156,-53.499222,-0.000877,0.000506,0.999999
SCN5_197 -8.442118,4.869434,-53.499138,-0.000545,0.000315,1.000000
SCN5_198 -8.535279,4.922610,-53.499012,-0.001248,0.000721,0.999999
SCN5_199 -8.612588,4.970598,-53.499279,-0.002048,0.001182,0.999997
SCN5_200 -8.703684,5.022041,-53.499954,-0.001596,0.000921,0.999998
SCN5_201 -8.787383,5.072454,-53.499752,-0.000679,0.000392,1.000000
SCN5_202 -8.878596,5.122509,-53.499943,-0.000560,0.000323,1.000000
SCN5_203 -8.963820,5.170951,-53.499794,-0.001762,0.001017,0.999998
SCN5_204 -9.047585,5.219300,-53.500324,-0.004135,0.002387,0.999989
SCN5_205 -9.124756,5.264418,-53.501400,-0.007029,0.004058,0.999967
SCN5_206 -9.202806,5.307706,-53.500141,-0.013497,0.007792,0.999879
SCN5_207 -9.283284,5.355111,-53.500309,-0.018455,0.010655,0.999773
SCN5_208 -9.398386,5.422313,-53.500195,0.000266,-0.000154,1.000000
SCN5_209 -9.593626,5.534845,-53.496117,0.075414,-0.043540,0.996201
SCN5_210 -9.948031,5.739198,-53.435944,0.251664,-0.145298,0.956846
SCN5_211 -10.372096,5.987651,-53.185268,0.471609,-0.272284,0.838717
SCN5_212 -10.599827,6.117449,-52.981846,0.574546,-0.331714,0.748240
SCN5_213 -10.764019,6.210853,-52.801098,0.643184,-0.371342,0.669641
SCN5_214 -10.897007,6.286211,-52.619518,0.699460,-0.403834,0.589638
SCN5_215 -11.005511,6.349577,-52.426163,0.744811,-0.430017,0.510237
SCN5_216 -11.073306,6.391187,-52.272449,0.766316,-0.442433,0.465847
SCN5_217 -11.104180,6.412173,-52.201523,0.759043,-0.438234,0.481462
SCN5_218 -11.102287,6.408863,-52.209576,0.724609,-0.418353,0.547652
SCN5_219 -11.097335,6.403718,-52.219864,0.685266,-0.395638,0.611458
SCN5_220 -11.097415,6.402220,-52.220303,0.646203,-0.373086,0.665754
SCN5_221 -11.093470,6.397617,-52.226364,0.601320,-0.347172,0.719643
SCN5_222 -11.106534,6.401850,-52.214031,0.564691,-0.326025,0.758177
SCN5_223 -11.133955,6.419535,-52.186409,0.541124,-0.312418,0.780756
