XYZIJK METRIC
KREIS2 -0.002020 -0.079084 9.646116 -0.000000 -0.000000 1.000000 16.625599
SCN1 1 -0.003350 -8.568285 8.752155 -0.011511 -0.998120 -0.060198
SCN1 2 -0.006095 -8.568941 8.772099 -0.011617 -0.999598 -0.025879
SCN1 3 -0.006338 -8.568775 8.796792 -0.011694 -0.999929 0.002309
SCN1 4 -0.007680 -8.568512 8.833776 -0.011764 -0.999423 0.031866
SCN1 5 -0.008409 -8.566736 8.867921 -0.011816 -0.998315 0.056808
SCN1 6 -0.008246 -8.564437 8.903352 -0.011859 -0.996646 0.080966
SCN1 7 -0.008977 -8.560861 8.937210 -0.011892 -0.994586 0.103232
SCN1 8 -0.008907 -8.557241 8.971663 -0.011921 -0.991927 0.126250
SCN1 9 -0.008935 -8.553135 9.003237 -0.011943 -0.988762 0.149020
SCN1 10 -0.008857 -8.548697 9.036487 -0.011960 -0.984502 0.174966
SCN1 11 -0.008255 -8.541193 9.069176 -0.011969 -0.979654 0.200339
SCN1 12 -0.008453 -8.533191 9.102185 -0.011970 -0.974640 0.223458
SCN1 13 -0.008968 -8.526752 9.134641 -0.011965 -0.969279 0.245673
SCN1 14 -0.008754 -8.517286 9.168740 -0.011952 -0.962720 0.270235
SCN1 15 -0.008943 -8.507712 9.201506 -0.011932 -0.955797 0.293784
SCN1 16 -0.008328 -8.497483 9.234590 -0.011905 -0.948293 0.317172
SCN1 17 -0.008396 -8.484950 9.267039 -0.011873 -0.940708 0.339010
SCN1 18 -0.008476 -8.473434 9.298631 -0.011838 -0.933254 0.359021
SCN1 19 -0.008053 -8.461563 9.331129 -0.011793 -0.924634 0.380673
SCN1 20 -0.008011 -8.447529 9.363943 -0.011737 -0.914667 0.404038
SCN1 21 -0.007965 -8.433705 9.392976 -0.011682 -0.905456 0.424279
SCN1 22 -0.008123 -8.417849 9.425175 -0.011618 -0.895349 0.445213
SCN1 23 -0.008068 -8.401461 9.456551 -0.011551 -0.885232 0.465006
SCN1 24 -0.007409 -8.385465 9.484859 -0.011480 -0.874980 0.484024
SCN1 25 -0.006961 -8.369891 9.513918 -0.011382 -0.861316 0.507941
SCN1 26 -0.007531 -8.356229 9.536987 -0.011257 -0.844569 0.535329
SCN1 27 -0.008023 -8.344029 9.556970 -0.011075 -0.821222 0.570502
SCN1 28 -0.008122 -8.333132 9.571310 -0.010842 -0.792622 0.609617
SCN1 29 -0.007136 -8.324454 9.582382 -0.010555 -0.758881 0.651144
SCN1 30 -0.006980 -8.316943 9.590486 -0.010217 -0.720609 0.693266
SCN1 31 -0.007444 -8.310124 9.597619 -0.009794 -0.674418 0.738285
SCN1 32 -0.007718 -8.303451 9.602505 -0.009364 -0.629012 0.777339
SCN1 33 -0.007403 -8.296688 9.607784 -0.008891 -0.580367 0.814306
SCN1 34 -0.007891 -8.288905 9.612706 -0.008376 -0.528646 0.848801
SCN1 35 -0.007683 -8.280252 9.617311 -0.007829 -0.474936 0.879986
SCN1 36 -0.007987 -8.272083 9.621722 -0.007278 -0.421908 0.906609
SCN1 37 -0.008007 -8.264032 9.625821 -0.006659 -0.363443 0.931593
SCN1 38 -0.008039 -8.255781 9.628480 -0.006004 -0.302607 0.953097
SCN1 39 -0.007574 -8.246934 9.630256 -0.005333 -0.241422 0.970406
SCN1 40 -0.007816 -8.238729 9.632347 -0.004688 -0.183435 0.983021
SCN1 41 -0.008076 -8.230858 9.633960 -0.003988 -0.121445 0.992590
SCN1 42 -0.008153 -8.223744 9.634451 -0.003268 -0.058516 0.998281
SCN1 43 -0.008455 -8.216516 9.635216 -0.002443 0.012421 0.999920
SCN1 44 -0.008055 -8.209661 9.635920 -0.001679 0.077117 0.997021
SCN1 45 -0.008127 -8.199871 9.634820 -0.000954 0.137652 0.990480
SCN1 46 -0.007819 -8.182431 9.631128 -0.000315 0.190397 0.981707
SCN1 47 -0.008391 -8.155480 9.623849 0.000137 0.227311 0.973822
SCN1 48 -0.007673 -8.123249 9.615004 0.000384 0.247388 0.968916
SCN1 49 -0.007461 -8.083033 9.604061 0.000522 0.258515 0.966007
SCN1 50 -0.007288 -8.037638 9.592818 0.000584 0.263561 0.964643
SCN1 51 -0.006893 -7.990869 9.579967 0.000604 0.265153 0.964206
SCN1 52 -0.006020 -7.947312 9.567963 0.000601 0.264935 0.964266
SCN1 53 -0.005448 -7.892290 9.553323 0.000593 0.264288 0.964444
SCN1 54 -0.005141 -7.844633 9.540930 0.000594 0.264324 0.964434
SCN1 55 -0.004883 -7.802635 9.528715 0.000597 0.264621 0.964352
SCN1 56 -0.004319 -7.748152 9.514529 0.000603 0.265081 0.964226
SCN1 57 -0.003205 -7.700839 9.500832 0.000604 0.265188 0.964197
SCN1 58 -0.003088 -7.651141 9.487419 0.000596 0.264497 0.964386
SCN1 59 -0.003192 -7.605168 9.474320 0.000580 0.263193 0.964743
SCN1 60 -0.002362 -7.555419 9.460934 0.000558 0.261460 0.965214
SCN1 61 -0.002214 -7.503429 9.447261 0.000542 0.260152 0.965568
SCN1 62 -0.001765 -7.462736 9.435523 0.000536 0.259675 0.965696
SCN1 63 -0.001438 -7.412509 9.423491 0.000547 0.260572 0.965454
SCN1 64 -0.000898 -7.360116 9.408879 0.000579 0.263118 0.964764
SCN1 65 -0.000109 -7.313845 9.396368 0.000606 0.265344 0.964154
SCN1 66 0.000034 -7.273349 9.384428 0.000619 0.266401 0.963862
SCN1 67 0.000183 -7.220871 9.370277 0.000616 0.266144 0.963933
SCN1 68 0.001010 -7.171476 9.356450 0.000594 0.264398 0.964413
SCN1 69 0.001567 -7.119093 9.342041 0.000552 0.260992 0.965341
SCN1 70 0.001476 -7.072645 9.329776 0.000503 0.257003 0.966410
SCN1 71 0.002431 -7.021050 9.316054 0.000439 0.251818 0.967775
SCN1 72 0.003014 -6.966620 9.301579 0.000364 0.245753 0.969332
SCN1 73 0.003355 -6.916699 9.287235 0.000298 0.240460 0.970659
SCN1 74 0.002782 -6.877860 9.278336 0.000277 0.238728 0.971086
SCN1 75 0.002586 -6.827952 9.270737 0.000374 0.246549 0.969130
SCN1 76 0.003304 -6.784337 9.260686 0.000608 0.265482 0.964116
SCN1 77 0.004502 -6.743698 9.246862 0.000818 0.282359 0.959309
SCN1 78 0.005115 -6.706279 9.232154 0.000891 0.288253 0.957554
SCN1 79 0.007714 -6.661456 9.217603 0.000865 0.286192 0.958172
SCN1 80 0.006598 -6.606320 9.201617 0.000768 0.278397 0.960466
SCN1 81 0.007495 -6.550937 9.187159 0.000665 0.270045 0.962847
SCN1 82 0.008048 -6.499838 9.174181 0.000597 0.264607 0.964356
SCN1 83 0.008495 -6.448388 9.160593 0.000564 0.261951 0.965081
SCN1 84 0.009208 -6.400407 9.146633 0.000551 0.260908 0.965364
SCN1 85 0.010029 -6.351214 9.133638 0.000545 0.260435 0.965491
SCN1 86 0.010348 -6.302240 9.120352 0.000545 0.260441 0.965490
SCN1 87 0.010341 -6.256127 9.107749 0.000547 0.260544 0.965462
SCN1 88 0.010866 -6.206400 9.094160 0.000548 0.260666 0.965429
SCN1 89 0.011682 -6.157568 9.081176 0.000554 0.261097 0.965312
SCN1 90 0.012384 -6.110166 9.068510 0.000565 0.262060 0.965052
SCN1 91 0.012681 -6.063296 9.055891 0.000581 0.263336 0.964704
SCN1 92 0.013685 -6.015624 9.041965 0.000594 0.264368 0.964422
SCN1 93 0.013385 -5.968472 9.029494 0.000607 0.265386 0.964142
SCN1 94 0.013768 -5.923116 9.016763 0.000628 0.267097 0.963670
SCN1 95 0.014904 -5.870822 9.001113 0.000671 0.270586 0.962696
SCN1 96 0.015317 -5.832376 8.990367 0.000736 0.275822 0.961209
SCN1 97 0.015623 -5.792551 8.978973 0.000884 0.287710 0.957717
SCN1 98 0.015437 -5.760911 8.970180 0.001123 0.306783 0.951779
SCN1 99 0.015488 -5.731110 8.962855 0.001554 0.341058 0.940041
SCN1 100 0.016050 -5.709824 8.955788 0.002042 0.379525 0.925179
SCN1 101 0.015427 -5.687260 8.947973 0.002505 0.415660 0.909517
SCN1 102 0.016043 -5.653306 8.931509 0.002796 0.438265 0.898842
SCN1 103 0.016935 -5.598766 8.902673 0.002695 0.430392 0.902638
SCN1 104 0.017823 -5.513126 8.856093 0.002032 0.378805 0.925474
SCN1 105 0.019297 -5.397657 8.800950 0.000840 0.284156 0.958778
SCN1 106 0.020706 -5.220008 8.775656 -0.000884 0.143490 0.989651
SCN1 107 0.022462 -5.126751 8.769882 -0.001671 0.077750 0.996971
SCN1 108 0.024084 -5.033704 8.768928 -0.002280 0.026266 0.999652
SCN1 109 0.025658 -4.962709 8.766977 -0.002564 0.002102 0.999995
SCN1 110 0.027214 -4.911444 8.766747 -0.002653 -0.005517 0.999981
SCN1 111 0.027322 -4.863841 8.766560 -0.002658 -0.005966 0.999979
SCN1 112 0.027566 -4.810922 8.766111 -0.002614 -0.002244 0.999994
SCN1 113 0.028036 -4.766532 8.765426 -0.002569 0.001672 0.999995
SCN1 114 0.027817 -4.720986 8.765608 -0.002531 0.004888 0.999985
SCN1 115 0.028351 -4.669839 8.763766 -0.002513 0.006399 0.999976
SCN1 116 0.028846 -4.623567 8.764893 -0.002514 0.006371 0.999977
SCN1 117 0.029641 -4.565964 8.763245 -0.002526 0.005311 0.999983
SCN1 118 0.029212 -4.522874 8.763601 -0.002540 0.004099 0.999988
SCN1 119 0.029872 -4.469182 8.764258 -0.002545 0.003670 0.999990
SCN1 120 0.030700 -4.418896 8.763962 -0.002541 0.003985 0.999989
SCN1 121 0.030827 -4.369040 8.762476 -0.002545 0.003658 0.999990
SCN1 122 0.031159 -4.318634 8.763535 -0.002552 0.003120 0.999992
SCN1 123 0.032104 -4.266594 8.763054 -0.002555 0.002872 0.999993
SCN1 124 0.032599 -4.220559 8.762722 -0.002560 0.002383 0.999994
SCN1 125 0.032661 -4.166727 8.762875 -0.002570 0.001566 0.999995
SCN1 126 0.033790 -4.116755 8.762359 -0.002581 0.000568 0.999996
SCN1 127 0.035098 -4.069321 8.762615 -0.002593 -0.000378 0.999997
SCN1 128 0.035340 -4.017666 8.762897 -0.002598 -0.000880 0.999996
SCN1 129 0.035201 -3.962546 8.762603 -0.002599 -0.000935 0.999996
SCN1 130 0.036196 -3.917409 8.763150 -0.002595 -0.000604 0.999996
SCN1 131 0.036842 -3.865011 8.762859 -0.002588 0.000002 0.999997
SCN1 132 0.036742 -3.818091 8.762564 -0.002584 0.000357 0.999997
SCN1 133 0.037673 -3.767534 8.763307 -0.002578 0.000855 0.999996
SCN1 134 0.038118 -3.715367 8.762572 -0.002575 0.001142 0.999996
SCN1 135 0.038509 -3.669754 8.762215 -0.002578 0.000832 0.999996
SCN1 136 0.039348 -3.618383 8.763391 -0.002580 0.000729 0.999996
SCN1 137 0.040008 -3.564591 8.762366 -0.002582 0.000501 0.999997
SCN1 138 0.040307 -3.518131 8.762351 -0.002592 -0.000321 0.999997
SCN1 139 0.041143 -3.467368 8.763222 -0.002602 -0.001196 0.999996
SCN1 140 0.041482 -3.416330 8.761785 -0.002616 -0.002412 0.999994
SCN1 141 0.043527 -3.364494 8.763245 -0.002628 -0.003449 0.999991
SCN1 142 0.043637 -3.316544 8.762513 -0.002629 -0.003466 0.999991
SCN1 143 0.043564 -3.266182 8.764194 -0.002613 -0.002127 0.999994
SCN1 144 0.044373 -3.217762 8.763551 -0.002588 0.000035 0.999997
SCN1 145 0.046931 -3.164822 8.762671 -0.002570 0.001572 0.999995
SCN1 146 0.046535 -3.117275 8.762277 -0.002558 0.002606 0.999993
SCN1 147 0.047109 -3.071657 8.764015 -0.002530 0.004985 0.999984
SCN1 148 0.048028 -3.021569 8.764071 -0.002482 0.009030 0.999956
SCN3 1 8.518104 0.008499 8.726891 0.999138 -0.011575 -0.039864
SCN3 2 8.518267 0.002874 8.746350 0.999922 -0.011699 0.004337
SCN3 3 8.517477 -0.000696 8.770431 0.999067 -0.011785 0.041539
SCN3 4 8.515391 -0.004642 8.802725 0.997669 -0.011835 0.067210
SCN3 5 8.512103 -0.008321 8.841111 0.996012 -0.011871 0.088431
SCN3 6 8.508214 -0.011194 8.874789 0.994231 -0.011897 0.106603
SCN3 7 8.504749 -0.012758 8.910276 0.991645 -0.011923 0.128448
SCN3 8 8.501638 -0.013942 8.944869 0.987646 -0.011949 0.156243
SCN3 9 8.496065 -0.013247 8.976903 0.982284 -0.011966 0.187015
SCN3 10 8.487957 -0.014484 9.008703 0.976413 -0.011971 0.215577
SCN3 11 8.480121 -0.014957 9.040303 0.970990 -0.011968 0.238822
SCN3 12 8.471300 -0.015443 9.074436 0.965412 -0.011958 0.260455
SCN3 13 8.462455 -0.013698 9.107518 0.959892 -0.011945 0.280116
SCN3 14 8.451968 -0.014592 9.141700 0.953730 -0.011925 0.300429
SCN3 15 8.440864 -0.013099 9.175776 0.946952 -0.011900 0.321154
SCN3 16 8.429338 -0.014141 9.207252 0.939789 -0.011869 0.341549
SCN3 17 8.418745 -0.015250 9.240158 0.930818 -0.011825 0.365291
SCN3 18 8.405291 -0.015419 9.272420 0.920222 -0.011769 0.391220
SCN3 19 8.391666 -0.013680 9.300355 0.910941 -0.011715 0.412370
SCN3 20 8.377085 -0.013972 9.332034 0.901179 -0.011655 0.433290
SCN3 21 8.360779 -0.013126 9.363539 0.891463 -0.011592 0.452945
SCN3 22 8.344851 -0.012886 9.393917 0.881368 -0.011524 0.472289
SCN3 23 8.328173 -0.011892 9.424244 0.868418 -0.011433 0.495701
SCN3 24 8.314251 -0.011405 9.448906 0.852853 -0.011320 0.522029
SCN3 25 8.301935 -0.011376 9.470045 0.830847 -0.011151 0.556389
SCN3 26 8.291649 -0.012303 9.484922 0.803486 -0.010932 0.595224
SCN3 27 8.282697 -0.009980 9.496235 0.768609 -0.010639 0.639631
SCN3 28 8.275743 -0.010322 9.504560 0.729599 -0.010298 0.683798
SCN3 29 8.268737 -0.011124 9.510818 0.686638 -0.009907 0.726932
SCN3 30 8.261467 -0.011611 9.516875 0.639622 -0.009466 0.768631
SCN3 31 8.254000 -0.012420 9.522489 0.591411 -0.009000 0.806320
SCN3 32 8.246340 -0.012546 9.528243 0.538505 -0.008475 0.842580
SCN3 33 8.238876 -0.013546 9.532022 0.489513 -0.007978 0.871959
SCN3 34 8.230831 -0.014762 9.536847 0.429750 -0.007360 0.902918
SCN3 35 8.223474 -0.013778 9.540263 0.371947 -0.006750 0.928229
SCN3 36 8.215357 -0.013239 9.543146 0.310859 -0.006093 0.950437
SCN3 37 8.206026 -0.013391 9.544940 0.251394 -0.005443 0.967869
SCN3 38 8.196652 -0.014017 9.547533 0.194928 -0.004817 0.980806
SCN3 39 8.186497 -0.014459 9.548920 0.134013 -0.004131 0.990971
SCN3 40 8.177144 -0.014895 9.550559 0.071229 -0.003414 0.997454
SCN3 41 8.168606 -0.014310 9.551242 0.005210 -0.002649 0.999983
SCN3 42 8.160401 -0.013789 9.551479 -0.058814 -0.001896 0.998267
SCN3 43 8.150393 -0.014359 9.551046 -0.119111 -0.001177 0.992880
SCN3 44 8.135694 -0.014394 9.549110 -0.171684 -0.000543 0.985152
SCN3 45 8.112571 -0.013619 9.542916 -0.212497 -0.000045 0.977162
SCN3 46 8.082768 -0.011302 9.534422 -0.236053 0.000244 0.971740
SCN3 47 8.043904 -0.009276 9.524328 -0.248866 0.000402 0.968538
SCN3 48 7.997889 -0.008535 9.512267 -0.253786 0.000463 0.967260
SCN3 49 7.949710 -0.007599 9.500774 -0.254326 0.000470 0.967119
SCN3 50 7.901686 -0.005828 9.487730 -0.253183 0.000456 0.967418
SCN3 51 7.852123 -0.004648 9.475697 -0.251888 0.000440 0.967756
SCN3 52 7.801945 -0.003367 9.462747 -0.251505 0.000435 0.967856
SCN3 53 7.754780 -0.002095 9.450859 -0.251926 0.000440 0.967746
SCN3 54 7.707113 -0.000504 9.437719 -0.252474 0.000447 0.967604
SCN3 55 7.659222 0.000828 9.425229 -0.252873 0.000452 0.967499
SCN3 56 7.609651 0.002020 9.413413 -0.253701 0.000462 0.967283
SCN3 57 7.564578 0.003090 9.400208 -0.254087 0.000467 0.967181
SCN3 58 7.513099 0.005415 9.386998 -0.253451 0.000459 0.967348
SCN3 59 7.464169 0.006616 9.374724 -0.252454 0.000447 0.967609
SCN3 60 7.415027 0.007591 9.361395 -0.250775 0.000426 0.968045
SCN3 61 7.374134 0.009616 9.350304 -0.248671 0.000400 0.968588
SCN3 62 7.314872 0.010256 9.336011 -0.245851 0.000365 0.969308
SCN3 63 7.265686 0.010961 9.323494 -0.244250 0.000345 0.969712
SCN3 64 7.214640 0.013021 9.309761 -0.243115 0.000331 0.969997
SCN3 65 7.171890 0.015080 9.298724 -0.243360 0.000334 0.969936
SCN3 66 7.127293 0.016361 9.290399 -0.247205 0.000382 0.968963
SCN3 67 7.077436 0.016471 9.278354 -0.255597 0.000485 0.966783
SCN3 68 7.030705 0.017737 9.262898 -0.261289 0.000556 0.965261
SCN3 69 6.993263 0.020655 9.252059 -0.262042 0.000565 0.965056
SCN3 70 6.937845 0.020607 9.237217 -0.259928 0.000539 0.965628
SCN3 71 6.886996 0.021484 9.223883 -0.256775 0.000500 0.966471
SCN3 72 6.841599 0.025105 9.212132 -0.254287 0.000469 0.967129
SCN3 73 6.787995 0.026546 9.198781 -0.252829 0.000451 0.967511
SCN3 74 6.738894 0.027626 9.185788 -0.252830 0.000451 0.967511
SCN3 75 6.692105 0.028322 9.173467 -0.253346 0.000458 0.967376
SCN3 76 6.643982 0.030779 9.160916 -0.253943 0.000465 0.967219
SCN3 77 6.598680 0.032143 9.148910 -0.254167 0.000468 0.967160
SCN3 78 6.547749 0.032669 9.135353 -0.253601 0.000461 0.967309
SCN3 79 6.502558 0.034509 9.123489 -0.252343 0.000445 0.967638
SCN3 80 6.447159 0.036788 9.108554 -0.250093 0.000417 0.968222
SCN3 81 6.405748 0.037422 9.098448 -0.248527 0.000398 0.968625
SCN3 82 6.353916 0.038700 9.085609 -0.247686 0.000388 0.968840
SCN3 83 6.299624 0.040448 9.071292 -0.247866 0.000390 0.968794
SCN3 84 6.257605 0.042246 9.060921 -0.248555 0.000398 0.968618
SCN3 85 6.205158 0.043115 9.047456 -0.249859 0.000414 0.968282
SCN3 86 6.162356 0.044739 9.035889 -0.250720 0.000425 0.968060
SCN3 87 6.109005 0.046097 9.022538 -0.251346 0.000433 0.967897
SCN3 88 6.065174 0.045973 9.010162 -0.251387 0.000433 0.967886
SCN3 89 6.019378 0.045751 8.999058 -0.251358 0.000433 0.967894
SCN3 90 5.966923 0.046983 8.984792 -0.251980 0.000441 0.967732
SCN3 91 5.920574 0.048154 8.973036 -0.253623 0.000461 0.967303
SCN3 92 5.872154 0.048139 8.960513 -0.257492 0.000509 0.966280
SCN3 93 5.827841 0.049125 8.947992 -0.263320 0.000581 0.964708
SCN3 94 5.787508 0.049155 8.936063 -0.271249 0.000679 0.962509
SCN3 95 5.746885 0.049670 8.925448 -0.284707 0.000847 0.958614
SCN3 96 5.713242 0.051097 8.916553 -0.303554 0.001082 0.952814
SCN3 97 5.682093 0.048634 8.908441 -0.327916 0.001388 0.944706
SCN3 98 5.650253 0.048756 8.898966 -0.351875 0.001690 0.936046
SCN3 99 5.605990 0.050100 8.882358 -0.364363 0.001849 0.931255
SCN3 100 5.545922 0.052170 8.855367 -0.348547 0.001648 0.937290
SCN3 101 5.453943 0.053103 8.815311 -0.291146 0.000927 0.956678
SCN3 102 5.365956 0.054790 8.783424 -0.222794 0.000081 0.974866
SCN3 103 5.243077 0.057106 8.772075 -0.130314 -0.001043 0.991472
SCN3 104 5.148327 0.058348 8.766581 -0.066882 -0.001801 0.997759
SCN3 105 5.067265 0.058767 8.765983 -0.024241 -0.002304 0.999703
SCN3 106 4.999590 0.059326 8.764351 -0.000940 -0.002577 0.999996
SCN3 107 4.942318 0.058733 8.764380 0.008626 -0.002689 0.999959
SCN3 108 4.891743 0.058842 8.764660 0.009672 -0.002701 0.999950
SCN3 109 4.839438 0.059679 8.764674 0.006192 -0.002660 0.999977
SCN3 110 4.801868 0.059213 8.763279 0.003051 -0.002624 0.999992
SCN3 111 4.748658 0.059297 8.763956 -0.000857 -0.002578 0.999996
SCN3 112 4.698793 0.060340 8.763717 -0.003973 -0.002542 0.999989
SCN3 113 4.652031 0.060498 8.763000 -0.005865 -0.002519 0.999980
SCN3 114 4.599135 0.061120 8.763322 -0.007092 -0.002505 0.999972
SCN3 115 4.557028 0.061769 8.762436 -0.007397 -0.002502 0.999969
SCN3 116 4.499886 0.061759 8.762298 -0.006730 -0.002509 0.999974
SCN3 117 4.448656 0.062934 8.762056 -0.005332 -0.002526 0.999983
SCN3 118 4.399333 0.063385 8.760546 -0.003140 -0.002551 0.999992
SCN3 119 4.348574 0.063581 8.762127 -0.001314 -0.002573 0.999996
SCN3 120 4.298585 0.064545 8.761864 -0.000774 -0.002579 0.999996
SCN3 121 4.244823 0.065655 8.761330 -0.000575 -0.002581 0.999996
SCN3 122 4.204034 0.066258 8.761845 -0.000624 -0.002581 0.999996
SCN3 123 4.148164 0.066454 8.761619 -0.000839 -0.002578 0.999996
SCN3 124 4.101890 0.066622 8.760796 -0.000700 -0.002580 0.999996
SCN3 125 4.049557 0.067641 8.762253 -0.000927 -0.002577 0.999996
SCN3 126 3.997403 0.067487 8.761095 -0.001272 -0.002573 0.999996
SCN3 127 3.951651 0.067951 8.761402 -0.001014 -0.002576 0.999996
SCN3 128 3.897184 0.068699 8.761628 -0.000279 -0.002585 0.999997
SCN3 129 3.846268 0.069535 8.760560 0.001363 -0.002604 0.999996
SCN3 130 3.795399 0.069558 8.760728 0.003466 -0.002629 0.999991
SCN3 131 3.747097 0.069749 8.762116 0.004308 -0.002638 0.999987
SCN3 132 3.691721 0.070628 8.762050 0.003564 -0.002630 0.999990
SCN3 133 3.645420 0.070721 8.762020 0.002270 -0.002615 0.999994
SCN3 134 3.596410 0.071300 8.762435 0.000555 -0.002595 0.999996
SCN3 135 3.552916 0.073354 8.761773 -0.000831 -0.002578 0.999996
SCN3 136 3.500215 0.073103 8.762726 -0.002196 -0.002562 0.999994
SCN3 137 3.447219 0.072965 8.761469 -0.002498 -0.002559 0.999994
SCN3 138 3.400771 0.073599 8.761087 -0.001443 -0.002571 0.999996
SCN3 139 3.350441 0.073372 8.761730 -0.000194 -0.002586 0.999997
SCN3 140 3.296632 0.074097 8.762156 0.000463 -0.002594 0.999997
SCN3 141 3.246636 0.074840 8.760880 0.001010 -0.002600 0.999996
SCN3 142 3.197763 0.074761 8.761939 0.000997 -0.002600 0.999996
SCN3 143 3.146275 0.076148 8.761522 -0.000619 -0.002581 0.999996
SCN3 144 3.101563 0.076099 8.762784 -0.003644 -0.002545 0.999990
SCN3 145 3.052531 0.076082 8.761961 -0.007738 -0.002498 0.999967
SCN3 146 3.009816 0.076404 8.761272 -0.010330 -0.002467 0.999944
SCN4 1 -0.006308 8.434811 8.723421 0.011669 0.999906 -0.007186
SCN4 2 -0.009728 8.434816 8.758019 0.011709 0.999895 0.008498
SCN4 3 -0.011979 8.434319 8.796621 0.011768 0.999372 0.033412
SCN4 4 -0.012233 8.432579 8.827177 0.011811 0.998454 0.054307
SCN4 5 -0.012303 8.429298 8.864855 0.011854 0.996882 0.078008
SCN4 6 -0.012267 8.426300 8.897245 0.011888 0.994889 0.100268
SCN4 7 -0.012322 8.424989 8.927438 0.011921 0.991894 0.126506
SCN4 8 -0.012607 8.421434 8.958522 0.011952 0.986912 0.160816
SCN4 9 -0.012917 8.414575 8.989385 0.011968 0.980772 0.194789
SCN4 10 -0.012917 8.407076 9.017959 0.011971 0.975494 0.219698
SCN4 11 -0.013116 8.399135 9.051933 0.011966 0.970088 0.242458
SCN4 12 -0.013327 8.389271 9.088455 0.011957 0.964736 0.262949
SCN4 13 -0.013531 8.379844 9.124331 0.011943 0.959439 0.281665
SCN4 14 -0.013846 8.369100 9.158945 0.011925 0.953784 0.300257
SCN4 15 -0.013851 8.358236 9.193667 0.011901 0.947356 0.319960
SCN4 16 -0.014178 8.346020 9.226685 0.011871 0.940211 0.340385
SCN4 17 -0.014291 8.335360 9.257346 0.011834 0.932448 0.361109
SCN4 18 -0.014222 8.322971 9.290147 0.011780 0.922320 0.386248
SCN4 19 -0.014356 8.309698 9.318194 0.011725 0.912571 0.408750
SCN4 20 -0.014802 8.294973 9.350107 0.011658 0.901649 0.432312
SCN4 21 -0.014842 8.280319 9.378225 0.011596 0.891999 0.451888
SCN4 22 -0.015198 8.263759 9.409904 0.011520 0.880793 0.473362
SCN4 23 -0.015358 8.246746 9.438937 0.011435 0.868591 0.495397
SCN4 24 -0.014876 8.233272 9.464276 0.011331 0.854320 0.519623
SCN4 25 -0.015615 8.219896 9.486320 0.011175 0.833834 0.551903
SCN4 26 -0.016222 8.208733 9.503304 0.010955 0.806329 0.591366
SCN4 27 -0.016095 8.200655 9.514410 0.010696 0.775228 0.631591
SCN4 28 -0.016058 8.192655 9.523455 0.010334 0.733640 0.679460
SCN4 29 -0.016305 8.185277 9.529848 0.009948 0.691027 0.722761
SCN4 30 -0.016837 8.178284 9.536029 0.009525 0.645895 0.763366
SCN4 31 -0.016756 8.171391 9.542015 0.009058 0.597348 0.801931
SCN4 32 -0.016571 8.163504 9.546907 0.008545 0.545510 0.838061
SCN4 33 -0.016777 8.155663 9.551686 0.008016 0.493209 0.869874
SCN4 34 -0.016570 8.147511 9.556282 0.007431 0.436557 0.899646
SCN4 35 -0.016654 8.139414 9.559882 0.006829 0.379408 0.925204
SCN4 36 -0.016929 8.130943 9.563179 0.006188 0.319590 0.947536
SCN4 37 -0.016102 8.122097 9.565487 0.005556 0.261630 0.965152
SCN4 38 -0.016072 8.112386 9.567420 0.004895 0.201954 0.979383
SCN4 39 -0.016432 8.103193 9.569038 0.004238 0.143455 0.989648
SCN4 40 -0.016765 8.095048 9.571034 0.003512 0.079764 0.996808
SCN4 41 -0.016876 8.088167 9.571430 0.002753 0.014151 0.999896
SCN4 42 -0.017074 8.080878 9.572346 0.001951 -0.054222 0.998527
SCN4 43 -0.016702 8.070268 9.571178 0.001182 -0.118750 0.992923
SCN4 44 -0.016910 8.053353 9.567735 0.000560 -0.170248 0.985401
SCN4 45 -0.016620 8.028762 9.562241 0.000112 -0.207016 0.978338
SCN4 46 -0.016526 7.996851 9.554142 -0.000177 -0.230632 0.973041
SCN4 47 -0.016513 7.958982 9.544749 -0.000339 -0.243778 0.969831
SCN4 48 -0.016951 7.917406 9.533521 -0.000412 -0.249623 0.968343
SCN4 49 -0.017872 7.867597 9.521773 -0.000435 -0.251516 0.967853
SCN4 50 -0.018657 7.812185 9.506710 -0.000429 -0.251007 0.967985
SCN4 51 -0.018215 7.769281 9.496457 -0.000419 -0.250219 0.968189
SCN4 52 -0.018430 7.720621 9.484313 -0.000423 -0.250548 0.968104
SCN4 53 -0.018833 7.672900 9.472431 -0.000444 -0.252261 0.967659
SCN4 54 -0.019718 7.627182 9.459862 -0.000469 -0.254246 0.967139
SCN4 55 -0.020103 7.581664 9.447737 -0.000486 -0.255632 0.966774
SCN4 56 -0.020933 7.532261 9.435285 -0.000495 -0.256402 0.966570
SCN4 57 -0.021150 7.483659 9.422127 -0.000487 -0.255760 0.966740
SCN4 58 -0.021181 7.433084 9.408360 -0.000449 -0.252623 0.967565
SCN4 59 -0.021856 7.379599 9.393476 -0.000374 -0.246601 0.969117
SCN4 60 -0.022744 7.326000 9.381096 -0.000287 -0.239511 0.970894
SCN4 61 -0.022904 7.273146 9.366657 -0.000204 -0.232791 0.972527
SCN4 62 -0.023780 7.220094 9.353817 -0.000153 -0.228608 0.973518
SCN4 63 -0.026013 7.181713 9.347774 -0.000174 -0.230373 0.973102
SCN4 64 -0.025792 7.133283 9.338596 -0.000323 -0.242423 0.970171
SCN4 65 -0.026214 7.090311 9.326817 -0.000518 -0.258237 0.966082
SCN4 66 -0.025718 7.050439 9.312393 -0.000635 -0.267642 0.963518
SCN4 67 -0.024592 7.004637 9.299633 -0.000666 -0.270193 0.962806
SCN4 68 -0.027120 6.957701 9.285530 -0.000635 -0.267639 0.963519
SCN4 69 -0.026752 6.907784 9.272610 -0.000570 -0.262434 0.964950
SCN4 70 -0.027213 6.855660 9.258365 -0.000501 -0.256815 0.966460
SCN4 71 -0.028078 6.802633 9.245788 -0.000453 -0.252968 0.967475
SCN4 72 -0.027899 6.753654 9.233035 -0.000440 -0.251897 0.967754
SCN4 73 -0.028115 6.704768 9.220613 -0.000448 -0.252553 0.967583
SCN4 74 -0.027588 6.659619 9.208074 -0.000461 -0.253587 0.967313
SCN4 75 -0.029310 6.611097 9.195590 -0.000469 -0.254300 0.967125
SCN4 76 -0.030141 6.561821 9.182352 -0.000470 -0.254346 0.967113
SCN4 77 -0.030052 6.512833 9.169334 -0.000459 -0.253495 0.967337
SCN4 78 -0.029870 6.464410 9.156383 -0.000442 -0.252054 0.967713
SCN4 79 -0.031016 6.412713 9.143654 -0.000425 -0.250715 0.968061
SCN4 80 -0.031630 6.364471 9.131108 -0.000416 -0.249955 0.968257
SCN4 81 -0.032342 6.316493 9.118699 -0.000407 -0.249291 0.968429
SCN4 82 -0.032517 6.272852 9.106779 -0.000398 -0.248545 0.968620
SCN4 83 -0.033302 6.216217 9.093325 -0.000394 -0.248200 0.968709
SCN4 84 -0.033401 6.169363 9.080859 -0.000399 -0.248597 0.968607
SCN4 85 -0.033806 6.121864 9.068337 -0.000405 -0.249083 0.968482
SCN4 86 -0.034321 6.074122 9.056955 -0.000417 -0.250027 0.968239
SCN4 87 -0.034727 6.026218 9.044072 -0.000430 -0.251109 0.967959
SCN4 88 -0.035230 5.978959 9.031255 -0.000434 -0.251467 0.967866
SCN4 89 -0.035437 5.930193 9.018762 -0.000435 -0.251487 0.967861
SCN4 90 -0.035732 5.883822 9.006846 -0.000440 -0.251919 0.967748
SCN4 91 -0.035938 5.835865 8.994191 -0.000456 -0.253235 0.967405
SCN4 92 -0.036633 5.788731 8.981482 -0.000489 -0.255872 0.966711
SCN4 93 -0.037101 5.745325 8.970082 -0.000546 -0.260498 0.965474
SCN4 94 -0.037542 5.702607 8.957854 -0.000647 -0.268664 0.963234
SCN4 95 -0.037426 5.665160 8.947295 -0.000801 -0.281002 0.959707
SCN4 96 -0.037363 5.630638 8.938545 -0.001047 -0.300727 0.953710
SCN4 97 -0.037538 5.600593 8.930636 -0.001387 -0.327872 0.944721
SCN4 98 -0.037286 5.571160 8.921885 -0.001774 -0.358511 0.933524
SCN4 99 -0.038112 5.537784 8.908716 -0.002054 -0.380480 0.924787
SCN4 100 -0.038094 5.492321 8.888421 -0.002082 -0.382703 0.923869
SCN4 101 -0.038683 5.412593 8.852003 -0.001642 -0.348049 0.937475
SCN4 102 -0.040129 5.314774 8.807035 -0.000764 -0.278051 0.960566
SCN4 103 -0.043708 5.147418 8.774814 0.000773 -0.152729 0.988268
SCN4 104 -0.045333 5.039735 8.768403 0.001675 -0.077445 0.996995
SCN4 105 -0.046398 4.973126 8.767554 0.002135 -0.038565 0.999254
SCN4 106 -0.046337 4.895189 8.769435 0.002494 -0.008061 0.999964
SCN4 107 -0.045878 4.832562 8.769590 0.002572 -0.001348 0.999996
SCN4 108 -0.046048 4.776370 8.765598 0.002522 -0.005677 0.999981
SCN4 109 -0.047816 4.745189 8.765583 0.002481 -0.009193 0.999955
SCN4 110 -0.047849 4.693192 8.764487 0.002427 -0.013784 0.999902
SCN4 111 -0.047922 4.649183 8.762277 0.002412 -0.015028 0.999884
SCN4 112 -0.048584 4.595313 8.762325 0.002421 -0.014312 0.999895
SCN4 113 -0.049496 4.547521 8.762027 0.002435 -0.013037 0.999912
SCN4 114 -0.050059 4.493933 8.761078 0.002460 -0.010948 0.999937
SCN4 115 -0.050259 4.447692 8.760185 0.002488 -0.008572 0.999960
SCN4 116 -0.050947 4.391406 8.760328 0.002518 -0.005986 0.999979
SCN4 117 -0.051605 4.349829 8.760286 0.002532 -0.004810 0.999985
SCN4 118 -0.051344 4.286914 8.760549 0.002541 -0.004052 0.999989
SCN4 119 -0.051525 4.242471 8.759210 0.002547 -0.003482 0.999991
SCN4 120 -0.052180 4.189456 8.759453 0.002560 -0.002430 0.999994
SCN4 121 -0.052621 4.138149 8.759126 0.002568 -0.001716 0.999995
SCN4 122 -0.054463 4.087564 8.760013 0.002567 -0.001825 0.999995
SCN4 123 -0.053753 4.040501 8.759386 0.002561 -0.002302 0.999994
SCN4 124 -0.054823 3.985587 8.759199 0.002563 -0.002168 0.999994
SCN4 125 -0.055245 3.936420 8.758879 0.002574 -0.001216 0.999996
SCN4 126 -0.055478 3.886282 8.758216 0.002593 0.000414 0.999997
SCN4 127 -0.056019 3.834948 8.759122 0.002606 0.001554 0.999995
SCN4 128 -0.056808 3.789352 8.759841 0.002603 0.001267 0.999996
SCN4 129 -0.056996 3.731920 8.759657 0.002592 0.000302 0.999997
SCN4 130 -0.057631 3.692697 8.758740 0.002590 0.000199 0.999997
SCN4 131 -0.058091 3.639007 8.759106 0.002597 0.000769 0.999996
SCN4 132 -0.058442 3.586382 8.759560 0.002604 0.001393 0.999996
SCN4 133 -0.058264 3.537187 8.758726 0.002614 0.002183 0.999994
SCN4 134 -0.058208 3.485480 8.759760 0.002620 0.002728 0.999993
SCN4 135 -0.059601 3.427595 8.759376 0.002616 0.002392 0.999994
SCN4 136 -0.060340 3.387756 8.760171 0.002606 0.001553 0.999995
SCN4 137 -0.060266 3.337454 8.760379 0.002587 -0.000078 0.999997
SCN4 138 -0.060881 3.288640 8.759952 0.002576 -0.001054 0.999996
SCN4 139 -0.061518 3.237567 8.758946 0.002583 -0.000434 0.999997
SCN4 140 -0.061835 3.189208 8.760428 0.002600 0.000992 0.999996
SCN4 141 -0.062141 3.130771 8.760719 0.002632 0.003722 0.999990
SCN4 142 -0.062310 3.088553 8.759013 0.002676 0.007568 0.999968
SCN4 143 -0.063352 3.027346 8.759348 0.002767 0.015367 0.999878
SCN4 144 -0.063842 2.971765 8.760735 0.002844 0.021990 0.999754
SCN5 1 -8.478069 0.002117 8.750206 -0.999073 0.011570 -0.041462
SCN5 2 -8.478972 0.001294 8.784038 -0.999745 0.011636 -0.019344
SCN5 3 -8.479054 -0.002485 8.819905 -0.999932 0.011689 0.000390
SCN5 4 -8.479322 -0.006801 8.855908 -0.999622 0.011748 0.024859
SCN5 5 -8.477695 -0.010366 8.887943 -0.998631 0.011804 0.050951
SCN5 6 -8.475568 -0.013579 8.920638 -0.997104 0.011849 0.075119
SCN5 7 -8.472419 -0.013592 8.954998 -0.995036 0.011886 0.098803
SCN5 8 -8.468698 -0.014460 8.988423 -0.992539 0.011915 0.121341
SCN5 9 -8.464789 -0.012485 9.019835 -0.989593 0.011938 0.143396
SCN5 10 -8.460154 -0.012843 9.056755 -0.985098 0.011958 0.171578
SCN5 11 -8.452611 -0.013806 9.091306 -0.980098 0.011969 0.198151
SCN5 12 -8.445106 -0.014855 9.122014 -0.975584 0.011971 0.219300
SCN5 13 -8.437605 -0.014544 9.156686 -0.970248 0.011967 0.241819
SCN5 14 -8.428963 -0.014994 9.190510 -0.964294 0.011956 0.264563
SCN5 15 -8.419724 -0.015683 9.223515 -0.957686 0.011938 0.287568
SCN5 16 -8.409617 -0.015354 9.255639 -0.950625 0.011914 0.310115
SCN5 17 -8.397712 -0.015331 9.289477 -0.942883 0.011883 0.332911
SCN5 18 -8.386458 -0.013944 9.318287 -0.936152 0.011852 0.351397
SCN5 19 -8.374277 -0.015186 9.353121 -0.927327 0.011807 0.374067
SCN5 20 -8.361250 -0.015904 9.383730 -0.918304 0.011758 0.395700
SCN5 21 -8.347432 -0.016626 9.414316 -0.908603 0.011701 0.417498
SCN5 22 -8.332465 -0.016333 9.446421 -0.897874 0.011634 0.440098
SCN5 23 -8.316560 -0.017352 9.476397 -0.887358 0.011565 0.460936
SCN5 24 -8.300562 -0.018581 9.504975 -0.876836 0.011493 0.480652
SCN5 25 -8.283850 -0.016772 9.535046 -0.863618 0.011399 0.504018
SCN5 26 -8.269545 -0.017497 9.559631 -0.848298 0.011286 0.529399
SCN5 27 -8.256841 -0.018388 9.581139 -0.827367 0.011124 0.561552
SCN5 28 -8.245098 -0.017224 9.597219 -0.800731 0.010909 0.598925
SCN5 29 -8.235813 -0.017890 9.609441 -0.768959 0.010642 0.639210
SCN5 30 -8.227879 -0.017523 9.618905 -0.730308 0.010304 0.683040
SCN5 31 -8.221120 -0.018728 9.625410 -0.690668 0.009944 0.723103
SCN5 32 -8.213550 -0.019266 9.631422 -0.644596 0.009513 0.764464
SCN5 33 -8.206114 -0.020339 9.637232 -0.596898 0.009053 0.802266
SCN5 34 -8.198674 -0.020806 9.642690 -0.546117 0.008551 0.837665
SCN5 35 -8.191378 -0.018820 9.647693 -0.492586 0.008010 0.870227
SCN5 36 -8.182904 -0.018114 9.650920 -0.437985 0.007446 0.898951
SCN5 37 -8.174523 -0.019764 9.655035 -0.381808 0.006855 0.924216
SCN5 38 -8.166515 -0.020982 9.658175 -0.324461 0.006241 0.945878
SCN5 39 -8.159308 -0.020507 9.660854 -0.264175 0.005584 0.964459
SCN5 40 -8.152543 -0.020851 9.662869 -0.199816 0.004871 0.979821
SCN5 41 -8.145065 -0.020951 9.663176 -0.134405 0.004136 0.990918
SCN5 42 -8.136829 -0.021334 9.664347 -0.068940 0.003388 0.997615
SCN5 43 -8.128263 -0.022856 9.664550 -0.005943 0.002658 0.999979
SCN5 44 -8.118863 -0.023897 9.664799 0.058096 0.001905 0.998309
SCN5 45 -8.109385 -0.023642 9.665147 0.114258 0.001236 0.993450
SCN5 46 -8.094773 -0.023698 9.663329 0.172438 0.000534 0.985020
SCN5 47 -8.072618 -0.022840 9.657514 0.217093 -0.000011 0.976151
SCN5 48 -8.041591 -0.018220 9.648186 0.244628 -0.000350 0.969617
SCN5 49 -8.005035 -0.018278 9.638158 0.257994 -0.000515 0.966146
SCN5 50 -7.960718 -0.018414 9.626695 0.263705 -0.000586 0.964603
SCN5 51 -7.913454 -0.017605 9.613240 0.264150 -0.000591 0.964481
SCN5 52 -7.867474 -0.017911 9.601681 0.262523 -0.000571 0.964926
SCN5 53 -7.813687 -0.016891 9.587106 0.260847 -0.000550 0.965380
SCN5 54 -7.768617 -0.016877 9.575880 0.260716 -0.000549 0.965415
SCN5 55 -7.717553 -0.016043 9.562052 0.262270 -0.000568 0.964994
SCN5 56 -7.671369 -0.016270 9.549352 0.264411 -0.000595 0.964410
SCN5 57 -7.623992 -0.015792 9.536599 0.266450 -0.000620 0.963849
SCN5 58 -7.577807 -0.014512 9.522572 0.267272 -0.000630 0.963621
SCN5 59 -7.530014 -0.014006 9.510046 0.266995 -0.000627 0.963698
SCN5 60 -7.480188 -0.013078 9.495841 0.266175 -0.000616 0.963925
SCN5 61 -7.428650 -0.012599 9.481942 0.265079 -0.000603 0.964227
SCN5 62 -7.383974 -0.011480 9.469574 0.264285 -0.000593 0.964444
SCN5 63 -7.336919 -0.011050 9.456797 0.263793 -0.000587 0.964579
SCN5 64 -7.285357 -0.010225 9.442671 0.263883 -0.000588 0.964555
SCN5 65 -7.248247 -0.009776 9.433125 0.264435 -0.000595 0.964403
SCN5 66 -7.189006 -0.009008 9.416837 0.265285 -0.000605 0.964170
SCN5 67 -7.148519 -0.008712 9.404990 0.264961 -0.000601 0.964259
SCN5 68 -7.089835 -0.008744 9.389098 0.262652 -0.000573 0.964891
SCN5 69 -7.050349 -0.007358 9.378195 0.260062 -0.000541 0.965592
SCN5 70 -6.992755 -0.007313 9.363212 0.255180 -0.000480 0.966893
SCN5 71 -6.941703 -0.006779 9.348888 0.249774 -0.000413 0.968304
SCN5 72 -6.886483 -0.006310 9.333643 0.243621 -0.000337 0.969870
SCN5 73 -6.852307 -0.005138 9.324582 0.241123 -0.000307 0.970495
SCN5 74 -6.799854 -0.004252 9.316543 0.246317 -0.000371 0.969189
SCN5 75 -6.754998 -0.004290 9.306333 0.263109 -0.000578 0.964766
SCN5 76 -6.714993 -0.002995 9.293204 0.279691 -0.000784 0.960090
SCN5 77 -6.679684 -0.002735 9.279975 0.287231 -0.000878 0.957861
SCN5 78 -6.631428 -0.003414 9.263966 0.287537 -0.000882 0.957769
SCN5 79 -6.586369 -0.004266 9.251002 0.282717 -0.000822 0.959203
SCN5 80 -6.533521 -0.004867 9.236259 0.275423 -0.000731 0.961323
SCN5 81 -6.476858 -0.004866 9.221241 0.268302 -0.000643 0.963335
SCN5 82 -6.424190 -0.004988 9.206250 0.263147 -0.000579 0.964756
SCN5 83 -6.373307 -0.003929 9.193293 0.259984 -0.000540 0.965613
SCN5 84 -6.323857 -0.007334 9.179307 0.258667 -0.000523 0.965966
SCN5 85 -6.277616 -0.008733 9.168043 0.258972 -0.000527 0.965885
SCN5 86 -6.228887 -0.008505 9.154410 0.260286 -0.000543 0.965531
SCN5 87 -6.183591 -0.008908 9.141337 0.261181 -0.000555 0.965290
SCN5 88 -6.135037 -0.008896 9.128910 0.262045 -0.000565 0.965055
SCN5 89 -6.087882 -0.009033 9.116109 0.263158 -0.000579 0.964752
SCN5 90 -6.039934 -0.009098 9.102363 0.264030 -0.000590 0.964514
SCN5 91 -5.992548 -0.010786 9.089960 0.264817 -0.000600 0.964298
SCN5 92 -5.945191 -0.010999 9.076835 0.265795 -0.000612 0.964029
SCN5 93 -5.898125 -0.011010 9.063790 0.266630 -0.000622 0.963799
SCN5 94 -5.844527 -0.011379 9.048247 0.267217 -0.000629 0.963636
SCN5 95 -5.801534 -0.010803 9.035749 0.267981 -0.000639 0.963424
SCN5 96 -5.749975 -0.013092 9.021382 0.272066 -0.000690 0.962278
SCN5 97 -5.712817 -0.013586 9.010719 0.279931 -0.000787 0.960020
SCN5 98 -5.674241 -0.014508 8.999608 0.298112 -0.001014 0.954530
SCN5 99 -5.646487 -0.014812 8.992188 0.325104 -0.001352 0.945677
SCN5 100 -5.625619 -0.014245 8.986526 0.362751 -0.001828 0.931884
SCN5 101 -5.608908 -0.015433 8.981127 0.407147 -0.002395 0.913360
SCN5 102 -5.588809 -0.016192 8.972361 0.450937 -0.002961 0.892551
SCN5 103 -5.560671 -0.017442 8.958375 0.475685 -0.003284 0.879610
SCN5 104 -5.512450 -0.018813 8.930056 0.473670 -0.003257 0.880696
SCN5 105 -5.428746 -0.018935 8.880013 0.425871 -0.002636 0.904780
SCN5 106 -5.313396 -0.020004 8.818023 0.330498 -0.001420 0.943806
SCN5 107 -5.160065 -0.021731 8.783121 0.203426 0.000156 0.979090
SCN5 108 -5.037182 -0.024111 8.771570 0.108515 0.001304 0.994094
SCN5 109 -4.953489 -0.026237 8.769034 0.054454 0.001948 0.998514
SCN5 110 -4.866816 -0.026696 8.767145 0.014798 0.002415 0.999888
SCN5 111 -4.806077 -0.027513 8.765533 0.000594 0.002581 0.999996
SCN5 112 -4.755803 -0.027599 8.764965 -0.002850 0.002621 0.999992
SCN5 113 -4.708398 -0.028238 8.764138 -0.001555 0.002606 0.999995
SCN5 114 -4.660910 -0.027885 8.763703 0.001400 0.002572 0.999996
SCN5 115 -4.614638 -0.028465 8.763492 0.004207 0.002539 0.999988
SCN5 116 -4.562346 -0.028528 8.762729 0.005965 0.002518 0.999979
SCN5 117 -4.516281 -0.028642 8.761850 0.005973 0.002518 0.999979
SCN5 118 -4.469078 -0.029390 8.762208 0.005390 0.002525 0.999982
SCN5 119 -4.412931 -0.030478 8.762262 0.004958 0.002530 0.999985
SCN5 120 -4.361176 -0.029102 8.761118 0.004503 0.002535 0.999987
SCN5 121 -4.312498 -0.030124 8.762268 0.004376 0.002537 0.999987
SCN5 122 -4.263832 -0.030651 8.761154 0.004390 0.002537 0.999987
SCN5 123 -4.215244 -0.031773 8.761189 0.003837 0.002543 0.999989
SCN5 124 -4.158977 -0.032368 8.760182 0.002583 0.002558 0.999993
SCN5 125 -4.115505 -0.033002 8.760850 0.001749 0.002568 0.999995
SCN5 126 -4.058827 -0.032653 8.761638 0.001972 0.002565 0.999995
SCN5 127 -4.009269 -0.033212 8.760923 0.002264 0.002562 0.999994
SCN5 128 -3.961488 -0.033896 8.759481 0.001191 0.002574 0.999996
SCN5 129 -3.910786 -0.034948 8.760631 -0.000434 0.002593 0.999997
SCN5 130 -3.854937 -0.034966 8.760080 -0.001525 0.002606 0.999995
SCN5 131 -3.813810 -0.035697 8.760839 -0.001527 0.002606 0.999995
SCN5 132 -3.758977 -0.036269 8.762144 0.000066 0.002587 0.999997
SCN5 133 -3.706344 -0.035095 8.760180 0.000997 0.002576 0.999996
SCN5 134 -3.659719 -0.043920 8.759627 0.000146 0.002586 0.999997
SCN5 135 -3.611879 -0.045986 8.761186 -0.000622 0.002595 0.999996
SCN5 136 -3.555958 -0.046917 8.760643 -0.000752 0.002597 0.999996
SCN5 137 -3.511529 -0.047804 8.760698 -0.000718 0.002596 0.999996
SCN5 138 -3.459682 -0.047965 8.760924 -0.000367 0.002592 0.999997
SCN5 139 -3.410382 -0.048449 8.760516 0.000150 0.002586 0.999997
SCN5 140 -3.360733 -0.049159 8.761495 0.000999 0.002576 0.999996
SCN5 141 -3.308053 -0.050326 8.760427 0.001574 0.002570 0.999995
SCN5 142 -3.266723 -0.049655 8.760307 0.001318 0.002573 0.999996
SCN5 143 -3.215611 -0.049496 8.760370 0.000906 0.002577 0.999996
SCN5 144 -3.160296 -0.049687 8.760596 0.001060 0.002576 0.999996
SCN5 145 -3.110355 -0.051806 8.760345 0.001904 0.002566 0.999995
SCN5 146 -3.062087 -0.051543 8.760810 0.003404 0.002548 0.999991
SCN5 147 -3.016258 -0.051614 8.760642 0.005075 0.002529 0.999984
SCN7 1 0.000400 -1.737943 1.298707 -0.001161 0.993674 0.112293
SCN7 2 0.000400 -1.745046 1.539206 -0.001161 0.993674 0.112293
SCN7 3 0.000400 -1.740051 1.741006 -0.001161 0.993674 0.112293
SCN7 4 0.000300 -1.739055 1.942016 -0.001161 0.993674 0.112293
SCN7 5 0.000300 -1.706065 2.285104 -0.001161 0.993674 0.112293
SCN7 6 0.000100 -1.632681 2.540902 -0.001161 0.993674 0.112293
SCN7 7 0.000100 -1.605687 2.656801 -0.001161 0.993674 0.112293
SCN7 8 0.000100 -1.602990 2.786101 -0.001161 0.993674 0.112293
SCN7 9 -0.000000 -1.596993 2.939801 -0.001161 0.993674 0.112293
SCN7 10 -0.000000 -1.610795 3.138101 -0.001161 0.993674 0.112293
SCN7 11 0.000000 -1.603999 3.364989 -0.001161 0.993674 0.112293
SCN7 12 0.000000 -1.588405 3.508600 -0.001161 0.993674 0.112293
SCN7 13 0.000000 -1.628802 3.704500 -0.001161 0.993674 0.112293
SCN7 14 -0.000100 -1.605207 3.781299 -0.001161 0.993674 0.112293
SCN7 15 0.000000 -1.651802 3.858000 -0.001161 0.993674 0.112293
SCN7 16 -0.000000 -1.712998 4.175000 -0.001161 0.993674 0.112293
SCN7 17 -0.000000 -1.749998 4.492500 -0.001161 0.993674 0.112293
SCN7 18 0.000000 -1.743704 4.774300 -0.001161 0.993674 0.112293
SCN7 19 -0.000100 -1.726310 4.941999 -0.001161 0.993674 0.112293
SCN7 20 -0.000100 -1.721412 5.021698 -0.001161 0.993674 0.112293
SCN7 21 -0.000100 -1.776908 5.287799 -0.001161 0.993674 0.112293
SCN7 22 -0.000100 -1.736219 5.547698 -0.001161 0.993674 0.112293
SCN7 23 -0.000200 -1.727022 5.670298 -0.001161 0.993674 0.112293
SCN7 24 -0.000200 -1.731223 5.758297 -0.001161 0.993674 0.112293
SCN7 25 -0.000200 -1.777020 5.991098 -0.001161 0.993674 0.112293
SCN7 26 -0.000200 -1.739532 6.308096 -0.001161 0.993674 0.112293
SCN7 27 -0.000300 -1.726936 6.427096 -0.001161 0.993674 0.112293
SCN7 28 -0.000300 -1.748936 6.563007 -0.001161 0.993674 0.112293
SCN7 29 -0.000300 -1.756139 6.856895 -0.001161 0.993674 0.112293
SCN7 30 -0.000300 -1.735534 7.063496 -0.001161 0.993674 0.112293
SCN7 31 -0.000300 -1.733747 7.090695 -0.001161 0.993674 0.112293
SCN7 32 -0.000300 -1.738446 7.105295 -0.001161 0.993674 0.112293
SCN7 33 -0.000200 -1.849632 7.294196 -0.001161 0.993674 0.112293
SCN7 34 -0.000200 -1.925225 7.519197 -0.001161 0.993674 0.112293
SCN7 35 -0.000100 -1.977519 7.647598 -0.001161 0.993674 0.112293
SCN7 36 -0.000100 -2.060409 7.767199 -0.001161 0.993674 0.112293
SCN7 37 -0.000000 -2.165096 7.948501 -0.001161 0.993674 0.112293
SCN7 38 0.000100 -2.269983 8.130502 -0.001161 0.993674 0.112293
SCN7 39 0.000200 -2.343954 8.258680 -0.000689 -0.089042 0.996028
SCN6 1 -0.000000 1.640600 1.334900 -0.008513 -0.996333 -0.085138
SCN6 2 -0.000199 1.640300 1.517308 -0.008513 -0.996333 -0.085138
SCN6 3 -0.000299 1.640900 1.714909 -0.008513 -0.996333 -0.085138
SCN6 4 -0.000500 1.638902 1.922200 -0.008513 -0.996333 -0.085138
SCN6 5 -0.000699 1.640103 2.108309 -0.008513 -0.996333 -0.085138
SCN6 6 -0.000799 1.640104 2.316409 -0.008513 -0.996333 -0.085138
SCN6 7 -0.000999 1.638605 2.518409 -0.008513 -0.996333 -0.085138
SCN6 8 -0.001199 1.638506 2.718509 -0.008513 -0.996333 -0.085138
SCN6 9 -0.001399 1.635207 2.916909 -0.008513 -0.996333 -0.085138
SCN6 10 -0.001499 1.637108 3.117609 -0.008513 -0.996333 -0.085138
SCN6 11 -0.001800 1.626910 3.317501 -0.008513 -0.996333 -0.085138
SCN6 12 -0.002001 1.624913 3.583793 -0.008513 -0.996333 -0.085138
SCN6 13 -0.002900 1.561115 4.014001 -0.008513 -0.996333 -0.085138
SCN6 14 -0.004201 1.430524 4.181394 -0.008513 -0.996333 -0.085138
SCN6 15 -0.003901 1.452434 4.104294 -0.008513 -0.996333 -0.085138
SCN6 16 -0.003899 1.467715 4.226010 -0.008513 -0.996333 -0.085138
SCN6 17 -0.004198 1.459123 4.438719 -0.008513 -0.996333 -0.085138
SCN6 18 -0.004299 1.458026 4.583711 -0.008513 -0.996333 -0.085138
SCN6 19 -0.004200 1.476927 4.675303 -0.008513 -0.996333 -0.085138
SCN6 20 -0.004100 1.487329 4.706203 -0.008513 -0.996333 -0.085138
SCN6 21 -0.003400 1.602722 5.069602 -0.008513 -0.996333 -0.085138
SCN6 22 -0.003600 1.605524 5.344002 -0.008513 -0.996333 -0.085138
SCN6 23 -0.003500 1.650322 5.632902 -0.008513 -0.996333 -0.085138
SCN6 24 -0.004000 1.615633 5.885603 -0.008513 -0.996333 -0.085138
SCN6 25 -0.004201 1.603727 6.022194 -0.008513 -0.996333 -0.085138
SCN6 26 -0.004200 1.619227 6.195002 -0.008513 -0.996333 -0.085138
SCN6 27 -0.004300 1.636726 6.426102 -0.008513 -0.996333 -0.085138
SCN6 28 -0.004600 1.615229 6.627502 -0.008513 -0.996333 -0.085138
SCN6 29 -0.004799 1.610629 6.740011 -0.008513 -0.996333 -0.085138
SCN6 30 -0.004600 1.643230 6.915102 -0.008513 -0.996333 -0.085138
SCN6 31 -0.004600 1.673929 7.153102 -0.008513 -0.996333 -0.085138
SCN6 32 -0.004800 1.660531 7.332003 -0.008513 -0.996333 -0.085138
SCN6 33 -0.004800 1.665833 7.345603 -0.008513 -0.996333 -0.085138
SCN6 34 -0.004300 1.730031 7.438003 -0.008513 -0.996333 -0.085138
SCN6 35 -0.003600 1.828235 7.615703 -0.008513 -0.996333 -0.085138
SCN6 36 -0.003000 1.908623 7.768702 -0.008513 -0.996333 -0.085138
SCN6 37 -0.002199 2.026017 7.944110 -0.008513 -0.996333 -0.085138
SCN6 38 -0.001500 2.125413 8.118201 -0.008513 -0.996333 -0.085138
SCN6 39 -0.000700 2.225344 8.288303 -0.000689 -0.089042 0.996028
